1
[  0 201 208]
[  0 201 208]
2
[  0 201 208]
[  0 201 208]
3
[  0 175 201 208]
[  0 175 201 208]
4
[  0 175 201 208]
[  0 175 201 208]
5
[  0 175 201 208]
[  0 175 201 208]
6
[  0 175 201 208]
[  0 175 201 208]
7
[  0 175 201 208]
[  0 175 201 208]
8
[  0 175 201 208 234]
[  0 175 201 208 234]
9
[  0 139 175 201 208 234]
[  0 139 175 201 208 234]
10
[  0 139 162 175 201 208 234]
[  0 139 175 201 208 234]
11
[  0   3   4   6   7   9  10  12  13  15  18  19  20  21  22  24  27  29
  30  31  32  37  39  43  45  46  49  50  53  54  56  59  62  63  64  66
  68  71  73  75  78  82  83  84  85  87  90  91  95  99 101 102 103 104
 105 107 108 111 112 114 115 117 119 121 122 123 125 127 129 130 131 132
 133 134 135 136 137 138 139 175 201 208 234 235]
[  0 125 132 139 175 201 208 234]
12
[  0 139 165 166 167 170 171 172 173 174 175 201 208 234 235]
[  0 139 175 201 208 234]
13
[  0 139 175 201 208 234 236]
[  0 139 175 201 208 234 236]
14
[  0 139 162 175 201 208 234 235]
[  0 139 162 175 201 208 234]
15
[  0 139 162 175 208 211 234 235]
[  0 139 162 175 208 234]
16
[  0 139 162 175 234]
[  0 139 162 175 234]
17
[  0 139 162 175 222 234]
[  0 139 162 175 222 234]
18
[  0 139 157 158 160 161 162 175 222 234]
[  0 139 162 175 222 234]
19
[  0 139 162 175 222 234]
[  0 139 162 175 222 234]
20
[  0   1   2   4   9  10  11  14  15  23  24  37  45  47  65  87 139 157
 160 161 162 173 174 175 222]
[  0 139 162 175 222]
21
[  0   2   3   5   8  10  14  15  18 139 150 152 157 158 161 162 175 219
 222]
[  0 139 162 175 222]
22
[  0 139 162 175 216 219 220 221 222]
[  0 139 162 175 222]
23
[  0   4  77 139 162 175 222]
[  0 139 162 175 222]
24
[  0 162 175 222]
[  0 162 175 222]
25
[  0   1   2   5   8  13  18  25  29  52  61 160 161 162 175 222]
[  0 162 175 222]
26
[  0 162 175 222]
[  0 162 175 222]
27
[  0 162 175 222]
[  0 162 175 222]
28
[  0 162 175 222]
[  0 162 175 222]
29
[  0 162 218 221 222]
[  0 162 222]
30
[  0 162 222]
[  0 162 222]
