13 24.19 8.06 13.17 24.62 8.89 13.18 25.04 9.67 13.14 25.46 10.42 13.07 25.86 11.15 12.95 26.26 11.85 12.80 26.64 12.55 12.64 27.01 13.25 12.46 27.36 13.95 12.27 27.70 14.66 12.08 28.03 15.39 11.89 28.34 16.16 11.72 28.63 16.96 11.57 
33 24.19 8.06 13.17 23.32 8.03 13.80 22.88 8.01 14.55 22.77 8.06 15.36 22.88 8.19 16.16 23.09 8.45 16.87 23.35 8.84 17.48 23.64 9.30 18.03 23.97 9.76 18.57 24.34 10.18 19.14 24.72 10.53 19.76 25.07 10.85 20.39 25.32 11.20 20.97 25.43 11.62 21.45 25.37 12.14 21.82 25.22 12.79 22.09 25.04 13.57 22.30 24.89 14.50 22.48 24.79 15.54 22.61 24.74 16.63 22.65 24.70 17.73 22.55 24.68 18.77 22.28 24.68 19.67 21.85 24.70 20.38 21.31 24.77 20.81 20.69 24.89 20.92 20.04 25.08 20.83 19.36 25.32 20.65 18.66 25.62 20.49 17.96 25.98 20.47 17.27 26.47 20.52 16.69 27.15 20.50 16.35 28.08 20.29 16.36 
20 24.19 8.06 13.17 24.27 7.68 13.39 24.47 7.30 13.65 24.79 6.95 13.92 25.20 6.62 14.21 25.70 6.34 14.49 26.27 6.09 14.75 26.90 5.89 14.98 27.57 5.76 15.17 28.28 5.69 15.29 29.01 5.70 15.34 29.74 5.78 15.31 30.46 5.94 15.20 31.15 6.16 15.01 31.79 6.44 14.75 32.37 6.79 14.42 32.86 7.18 14.01 33.24 7.62 13.53 33.51 8.10 12.98 33.64 8.62 12.37 
20 24.19 8.06 13.17 23.29 8.11 12.75 22.58 8.23 12.31 22.04 8.42 11.85 21.67 8.67 11.39 21.44 8.98 10.93 21.35 9.35 10.48 21.37 9.77 10.06 21.50 10.25 9.66 21.72 10.79 9.30 22.01 11.37 8.98 22.37 11.99 8.73 22.78 12.65 8.53 23.26 13.32 8.38 23.80 13.97 8.28 24.40 14.60 8.23 25.07 15.18 8.21 25.82 15.68 8.24 26.63 16.10 8.29 27.52 16.40 8.38 
 4 27.52 16.40 8.38 27.72 16.77 9.28 28.09 17.27 9.86 28.08 18.63 9.98 
 4 27.52 20.85 13.17 28.59 20.81 13.52 28.78 19.99 13.96 29.19 19.74 14.76 
 4 27.52 20.85 13.17 27.79 20.29 13.97 27.67 19.71 14.31 28.63 19.74 14.76 
 7 27.52 20.85 13.17 27.64 20.07 13.20 27.86 19.48 13.07 28.13 18.99 12.80 28.38 18.48 12.44 28.57 17.84 12.02 28.63 16.96 11.57 
 7 27.52 20.85 13.17 26.98 21.10 12.03 27.01 21.07 11.28 27.38 20.79 10.78 27.85 20.28 10.37 28.16 19.55 9.88 28.08 18.63 9.18 
45 28.08 15.85 8.38 28.73 15.27 8.03 28.44 15.81 7.75 28.06 16.61 7.42 28.13 17.10 6.99 28.44 17.31 6.44 28.68 17.37 5.77 28.72 17.36 5.03 28.97 17.26 4.44 29.48 17.05 3.96 29.86 16.81 3.32 30.16 16.53 2.65 30.58 16.19 2.12 31.16 15.80 1.82 31.79 15.35 1.65 32.35 14.86 1.47 32.83 14.36 1.23 33.36 13.90 0.91 34.02 13.53 0.58 34.69 13.24 0.44 35.25 12.99 0.71 35.67 12.71 1.33 36.03 12.28 1.90 36.42 11.55 2.07 36.81 10.65 1.99 37.11 9.80 2.05 37.28 9.15 2.48 37.40 8.60 3.12 37.55 8.04 3.70 37.76 7.54 4.22 37.99 7.21 4.82 38.15 6.74 5.55 38.12 6.16 6.34 37.84 5.88 7.01 37.28 6.19 7.43 36.80 6.39 7.80 36.70 6.18 8.28 36.92 6.18 8.83 37.05 6.49 9.35 36.85 6.69 9.85 36.53 6.53 10.44 36.32 6.74 11.15 35.91 7.25 11.62 35.05 7.65 11.58 34.19 8.06 11.57 
15 28.08 15.85 8.38 28.48 15.55 8.91 28.90 15.15 9.30 29.34 14.65 9.58 29.79 14.07 9.77 30.26 13.43 9.89 30.73 12.76 9.97 31.20 12.06 10.02 31.67 11.36 10.07 32.13 10.67 10.14 32.58 10.01 10.25 33.02 9.41 10.43 33.44 8.87 10.69 33.83 8.41 11.07 34.19 8.06 11.57 
34 28.08 15.85 8.38 28.15 15.30 7.99 27.87 15.24 7.70 27.40 15.40 7.46 26.87 15.50 7.23 26.44 15.29 6.96 26.16 14.67 6.65 25.98 13.79 6.36 25.84 12.79 6.14 25.68 11.83 6.05 25.50 10.94 6.09 25.33 10.08 6.22 25.22 9.21 6.39 25.19 8.26 6.55 25.27 7.24 6.67 25.47 6.22 6.76 25.80 5.33 6.86 26.25 4.64 6.96 26.76 4.17 7.13 27.24 3.79 7.43 27.61 3.41 7.90 27.98 3.13 8.45 28.48 3.04 8.95 29.11 3.13 9.40 29.80 3.34 9.79 30.49 3.60 10.15 31.15 3.87 10.48 31.73 4.16 10.78 32.24 4.53 11.06 32.66 5.04 11.29 32.98 5.72 11.48 33.27 6.53 11.61 33.64 7.35 11.65 34.19 8.06 11.57 
38 28.08 18.63 9.18 28.88 18.74 8.80 29.50 19.05 8.54 30.01 19.47 8.35 30.48 19.96 8.18 30.98 20.45 7.99 31.56 20.89 7.73 32.24 21.26 7.45 32.99 21.56 7.17 33.81 21.77 6.96 34.69 21.88 6.84 35.61 21.89 6.82 36.55 21.83 6.88 37.47 21.69 7.00 38.35 21.49 7.16 39.17 21.25 7.34 39.92 20.95 7.52 40.58 20.58 7.70 41.17 20.13 7.88 41.66 19.59 8.04 42.08 18.98 8.22 42.42 18.34 8.47 42.69 17.72 8.80 42.85 17.13 9.20 42.87 16.57 9.61 42.75 16.04 10.02 42.50 15.51 10.37 42.15 14.95 10.65 41.71 14.34 10.82 41.23 13.68 10.91 40.79 13.07 11.08 40.46 12.59 11.48 40.15 12.20 11.98 39.70 11.82 12.36 39.02 11.41 12.47 38.12 11.06 12.42 37.05 10.84 12.34 35.86 10.84 12.37 
 6 28.08 20.29 16.36 27.70 21.39 16.49 27.76 21.81 16.02 28.06 21.63 15.31 28.42 20.91 14.77 28.63 19.74 14.76 
30 28.08 20.29 16.36 27.51 20.10 17.10 27.05 20.29 17.84 26.70 20.67 18.57 26.45 21.07 19.31 26.30 21.33 20.06 26.26 21.42 20.78 26.38 21.36 21.46 26.67 21.20 22.06 27.15 20.96 22.56 27.74 20.65 22.97 28.37 20.27 23.34 28.96 19.81 23.68 29.46 19.29 23.99 29.92 18.72 24.24 30.39 18.14 24.36 30.91 17.55 24.32 31.44 16.96 24.15 31.94 16.38 23.88 32.36 15.81 23.56 32.70 15.25 23.20 33.04 14.74 22.83 33.49 14.29 22.45 34.10 13.93 22.07 34.82 13.68 21.66 35.54 13.55 21.22 36.21 13.58 20.73 36.72 13.77 20.17 37.01 14.15 19.51 36.97 14.73 18.75 
13 29.19 16.96 10.77 30.15 16.63 10.69 30.93 16.26 10.74 31.57 15.86 10.90 32.09 15.43 11.14 32.54 14.97 11.43 32.93 14.47 11.74 33.29 13.94 12.04 33.67 13.38 12.30 34.09 12.79 12.49 34.57 12.17 12.59 35.15 11.52 12.56 35.86 10.84 12.37 
13 29.19 16.96 10.77 29.43 16.06 10.84 29.70 15.24 10.93 30.02 14.47 11.05 30.37 13.75 11.18 30.74 13.07 11.33 31.13 12.42 11.48 31.54 11.79 11.64 31.96 11.17 11.80 32.39 10.55 11.96 32.81 9.93 12.11 33.23 9.29 12.25 33.64 8.62 12.37 
41 29.19 19.74 14.76 29.46 20.73 14.77 29.54 21.28 14.47 29.53 21.73 14.11 29.48 22.29 13.86 29.31 22.87 13.62 29.29 23.43 13.36 29.65 23.97 13.16 30.27 24.47 13.06 31.02 24.84 13.07 31.76 25.05 13.20 32.37 25.06 13.48 32.90 25.06 13.78 33.44 25.30 13.94 34.01 25.78 13.95 34.49 26.04 14.00 34.80 25.77 14.24 35.15 25.59 14.54 35.69 25.85 14.77 36.39 26.21 14.97 37.09 26.39 15.20 37.67 26.17 15.50 38.14 25.67 15.86 38.59 25.13 16.21 39.05 24.70 16.52 39.49 24.31 16.80 39.85 23.78 17.06 40.12 23.07 17.30 40.41 22.35 17.51 40.79 21.73 17.69 41.17 21.10 17.86 41.43 20.29 18.04 41.48 19.34 18.24 41.28 18.50 18.44 40.81 17.94 18.63 40.23 17.46 18.77 39.71 16.84 18.82 39.26 16.07 18.79 38.75 15.33 18.73 38.03 14.83 18.70 36.97 14.73 18.75 
14 29.19 19.74 14.76 29.70 19.29 15.10 30.25 18.85 15.40 30.82 18.41 15.67 31.42 17.97 15.92 32.04 17.54 16.17 32.67 17.13 16.41 33.31 16.72 16.66 33.95 16.34 16.92 34.59 15.97 17.21 35.21 15.62 17.53 35.82 15.30 17.89 36.41 15.00 18.29 36.97 14.73 18.75 
 4 34.19 8.62 12.37 34.66 9.45 12.37 35.39 10.01 12.37 35.86 10.84 12.37 
14 35.86 10.84 12.37 36.18 10.98 13.52 36.46 11.12 14.42 36.70 11.25 15.11 36.92 11.40 15.63 37.11 11.57 16.03 37.28 11.79 16.36 37.45 12.05 16.67 37.59 12.38 16.98 37.69 12.76 17.30 37.71 13.19 17.64 37.62 13.66 18.00 37.38 14.18 18.37 36.97 14.73 18.75 
