25 91.74 32.80 17.16 94.45 33.75 17.89 95.03 37.41 18.04 96.14 39.94 18.79 98.43 41.75 19.07 98.80 43.13 20.22 99.32 45.26 21.21 102.82 45.99 21.38 101.66 48.59 21.91 100.91 52.24 21.93 99.36 55.13 21.91 98.53 57.92 22.76 98.48 62.08 22.71 98.28 66.60 22.78 99.23 70.11 22.71 99.52 74.05 22.70 98.82 76.13 21.02 98.52 80.28 21.10 98.73 84.70 21.12 99.55 83.10 20.10 101.61 81.80 19.33 102.23 81.75 17.76 105.39 81.60 16.54 108.04 82.51 16.37 111.76 81.73 16.36 
12 96.19 32.80 13.17 97.74 36.15 13.17 100.18 38.60 13.16 101.79 41.88 13.15 103.61 45.03 13.23 105.71 47.42 12.82 107.27 50.26 12.33 108.61 53.85 12.36 109.58 57.84 12.42 111.44 60.72 12.27 112.94 63.56 11.70 113.98 67.28 11.57 
18 96.19 32.80 13.17 97.63 29.44 13.27 97.28 27.41 14.04 100.73 26.14 13.99 104.42 27.37 13.97 105.50 26.05 14.84 106.37 23.06 14.73 110.17 22.88 15.57 113.72 21.60 15.52 118.09 22.05 15.60 120.98 23.65 15.40 124.55 24.06 14.66 127.04 26.46 14.84 129.63 27.71 13.97 131.74 30.33 14.00 133.98 32.20 13.10 131.75 34.62 13.03 135.11 35.03 12.37 
18 96.19 32.80 13.17 93.41 31.58 12.37 89.33 32.33 12.43 87.58 34.05 11.26 85.08 35.78 10.80 83.97 39.21 10.89 85.54 41.72 10.12 87.19 43.67 9.07 89.91 44.85 8.31 91.52 47.95 8.36 92.64 51.52 8.38 93.88 54.95 8.38 95.01 58.47 8.38 97.87 60.28 8.38 100.95 61.87 8.38 104.09 63.39 8.38 107.15 64.99 8.38 110.64 66.16 8.38 
 4 110.64 82.84 13.17 114.59 83.68 13.55 115.50 80.38 13.89 117.32 78.40 14.76 
 7 110.64 82.84 13.17 108.17 83.74 12.40 107.61 84.04 11.36 110.02 83.73 10.86 111.39 80.88 10.28 111.77 77.22 9.52 112.87 73.95 9.18 
 5 110.64 82.84 13.17 111.24 78.94 13.11 112.51 75.91 12.62 113.68 72.46 12.00 113.98 67.28 11.57 
27 111.76 81.73 16.36 108.41 82.08 17.08 107.12 81.52 18.38 105.60 84.04 18.80 105.12 86.61 20.08 105.06 87.22 21.58 106.16 84.37 21.92 108.49 82.76 22.34 110.43 80.63 22.64 113.92 80.61 23.50 117.32 79.57 23.43 118.53 77.31 24.33 119.71 74.12 24.34 121.63 71.67 24.34 123.82 69.49 24.34 125.94 67.21 24.37 128.35 66.17 23.48 130.66 64.14 23.57 129.85 60.49 23.47 131.92 59.56 22.76 134.04 57.56 22.50 136.10 55.72 22.03 138.98 55.23 21.10 141.63 54.29 21.11 144.77 54.97 20.44 147.44 55.73 19.48 148.45 58.38 18.75 
 4 111.76 82.84 16.36 111.05 86.57 16.18 113.02 85.28 15.11 113.98 80.62 14.76 
40 112.87 62.83 8.38 115.16 60.75 8.27 114.00 62.93 7.59 112.77 66.02 7.57 112.95 67.57 6.92 114.50 69.55 6.01 114.42 69.58 5.13 115.86 70.55 4.34 118.02 68.41 4.37 119.36 67.07 2.71 121.81 65.02 2.86 124.27 63.99 2.01 126.48 61.87 2.01 128.32 60.23 1.14 131.06 58.58 1.19 132.90 56.05 1.22 135.46 55.15 0.35 138.70 54.02 0.41 140.69 52.42 1.18 142.84 50.19 1.14 144.53 48.37 1.98 146.69 46.21 1.99 147.44 42.43 1.99 147.29 40.30 1.97 147.29 36.91 2.89 149.93 35.05 2.72 150.65 32.21 3.51 151.83 29.92 4.35 152.89 27.46 5.25 151.73 25.08 5.98 150.67 24.43 7.64 146.78 24.99 7.66 147.98 23.84 8.39 147.34 25.74 9.08 147.49 27.38 9.95 145.30 25.99 10.63 145.16 27.63 11.70 142.48 29.27 11.58 139.38 30.51 11.57 136.22 31.69 11.57 
13 112.87 62.83 8.38 115.78 61.84 9.19 117.26 58.69 9.28 118.78 56.22 10.00 121.18 53.86 9.96 123.02 51.01 9.98 125.16 48.43 9.97 126.95 45.51 9.97 129.00 42.85 9.99 130.95 40.04 9.94 132.55 37.68 10.69 133.71 34.20 10.77 136.22 32.80 11.57 
32 112.87 62.83 8.38 112.06 59.57 8.41 111.72 61.05 7.57 110.08 63.88 7.59 107.40 64.33 7.69 106.14 61.91 6.75 104.99 58.51 6.78 103.86 55.15 6.81 105.02 52.44 5.89 103.50 49.44 5.98 102.89 45.51 5.98 101.73 42.14 5.98 101.02 38.32 5.98 100.65 34.95 6.78 100.63 30.44 6.76 100.63 25.92 6.79 100.93 21.69 6.77 102.87 19.12 6.79 106.77 18.54 6.84 107.96 15.92 7.55 109.61 13.04 7.57 112.67 12.75 8.78 116.77 12.67 9.30 119.28 14.06 9.93 122.89 15.02 9.89 125.46 16.03 10.84 127.78 18.28 10.79 129.64 20.13 11.60 131.93 22.40 11.58 132.76 26.10 11.57 134.93 28.45 11.57 136.22 31.69 11.57 
36 112.87 73.95 9.18 117.17 73.87 8.88 118.45 76.64 8.42 121.10 78.47 8.39 123.54 80.49 8.32 124.92 82.94 7.63 128.13 84.19 7.58 130.57 86.26 7.57 134.96 86.16 7.33 137.76 87.34 6.75 142.31 87.26 6.80 146.81 87.32 6.76 150.70 86.68 6.81 152.68 84.93 7.59 156.36 84.08 7.58 159.70 82.91 7.58 163.27 81.96 7.58 166.20 80.28 7.49 166.94 77.43 8.42 169.59 75.53 8.38 170.72 72.01 8.40 169.43 69.14 8.96 172.02 67.31 9.12 170.72 64.61 10.00 169.68 61.94 10.83 168.26 58.80 10.78 166.47 56.07 10.77 164.97 53.06 10.74 161.91 51.62 10.70 161.77 50.48 11.98 160.59 47.72 12.37 157.66 46.11 12.37 154.09 45.16 12.37 150.80 43.87 12.37 146.27 43.90 12.37 142.89 45.04 12.37 
11 116.20 67.28 10.77 120.60 66.64 10.79 123.62 64.56 10.74 127.31 63.27 10.82 129.61 61.11 11.40 130.18 57.15 11.93 132.68 55.06 12.39 135.16 52.47 12.38 137.51 49.74 12.36 140.10 47.30 12.38 142.89 45.04 12.37 
12 116.20 67.28 10.77 117.19 63.50 10.80 119.01 60.45 10.73 120.38 57.12 10.83 122.35 54.94 11.47 123.85 51.77 11.60 125.29 48.38 11.56 127.15 45.48 11.59 129.20 42.65 11.51 130.71 39.76 11.91 132.38 37.16 12.43 135.11 35.03 12.37 
13 117.32 78.40 14.76 118.90 76.14 15.52 121.69 74.40 15.59 124.47 72.50 15.50 127.39 71.36 16.03 129.24 69.04 16.45 132.24 67.25 16.25 135.02 65.99 16.82 136.39 63.12 17.17 140.31 62.69 17.42 143.03 61.42 18.02 146.15 60.33 18.41 148.45 58.38 18.75 
40 117.32 79.51 14.76 117.64 83.71 14.73 119.70 85.60 14.02 116.69 87.30 13.95 116.90 90.66 13.97 117.51 91.91 13.10 116.46 94.89 13.16 119.46 96.48 13.17 122.24 98.24 13.17 125.09 99.99 13.17 127.69 101.83 13.17 130.03 99.55 13.21 131.80 101.64 13.94 135.16 102.80 13.97 137.53 104.98 13.96 139.50 102.61 13.91 141.27 102.89 14.74 144.06 104.62 14.76 146.31 105.50 14.78 148.25 104.15 15.62 150.73 103.79 15.58 152.36 101.73 16.39 155.90 100.66 16.37 157.35 97.81 16.34 157.40 96.14 17.20 159.85 94.03 17.17 161.84 91.33 17.16 160.75 88.35 17.52 163.70 87.26 17.96 165.20 84.21 17.95 166.31 80.70 17.94 166.34 76.04 17.92 164.04 74.67 18.80 162.91 71.20 18.75 160.10 69.46 18.75 158.48 66.54 18.75 156.53 63.94 18.75 154.25 61.67 18.75 151.55 59.83 18.75 148.45 58.38 18.75 
 4 136.22 35.03 12.37 139.64 37.17 12.37 142.20 40.17 12.37 142.89 45.04 12.37 
12 142.89 45.04 12.37 144.74 44.05 14.21 147.86 44.05 15.59 148.82 47.96 15.49 148.59 50.20 15.96 149.05 48.13 16.38 149.15 46.59 17.12 150.63 50.15 17.03 150.95 53.73 17.66 153.03 53.91 17.97 151.70 57.03 18.74 148.45 58.38 18.75 
