0.0000 25.3934 -3.2973
0.0000 25.3934 -1.6487
0.0000 25.3934 -2.4730
0.0000 25.3934 -4.9460
0.0000 25.3934 -7.4190
0.0000 25.3934 -8.2433
0.0000 25.3934 -4.1217
0.0000 23.1853 -9.8920
0.0000 23.1853 -9.0677
0.0000 24.8414 -7.4190
0.0000 24.8414 -9.0677
0.0000 24.8414 -8.2433
0.0000 22.6333 -9.8920
0.0000 26.4975 -3.2973
0.0000 26.4975 -6.5947
0.0000 26.4975 -1.6487
0.0000 26.4975 -2.4730
0.0000 26.4975 -4.9460
0.0000 26.4975 -7.4190
0.0000 26.4975 -5.7703
0.0000 26.4975 -4.1217
0.0000 24.2894 -9.0677
0.0000 24.2894 -8.2433
0.0000 25.9455 -3.2973
0.0000 25.9455 -6.5947
0.0000 25.9455 -1.6487
0.0000 25.9455 -2.4730
0.0000 25.9455 -4.9460
0.0000 25.9455 -7.4190
0.0000 25.9455 -5.7703
0.0000 25.9455 -8.2433
0.0000 25.9455 -4.1217
0.0000 23.7373 -9.8920
0.0000 23.7373 -9.0677
0.5520 25.3934 -3.2973
0.5520 25.3934 -6.5947
0.5520 25.3934 -2.4730
0.5520 25.3934 -4.9460
0.5520 25.3934 -7.4190
0.5520 25.3934 -5.7703
0.5520 25.3934 -4.1217
0.5520 23.1853 -9.8920
0.5520 23.1853 -9.0677
0.5520 24.8414 -4.9460
0.5520 24.8414 -7.4190
0.5520 24.8414 -5.7703
0.5520 24.8414 -8.2433
0.5520 22.6333 -9.8920
0.5520 22.6333 -9.0677
0.5520 24.2894 -7.4190
0.5520 24.2894 -9.0677
0.5520 24.2894 -8.2433
0.5520 25.9455 -6.5947
0.5520 25.9455 -4.9460
0.5520 25.9455 -7.4190
0.5520 25.9455 -5.7703
0.5520 23.7373 -9.0677
0.5520 23.7373 -8.2433
-0.5520 25.3934 -1.6487
-0.5520 25.3934 -9.0677
-0.5520 25.3934 -8.2433
-0.5520 23.1853 -9.8920
-0.5520 27.0495 -3.2973
-0.5520 27.0495 -6.5947
-0.5520 27.0495 -1.6487
-0.5520 27.0495 -2.4730
-0.5520 27.0495 -4.9460
-0.5520 27.0495 -7.4190
-0.5520 27.0495 -5.7703
-0.5520 27.0495 -4.1217
-0.5520 24.8414 -9.0677
-0.5520 24.8414 -8.2433
-0.5520 22.6333 -9.8920
-0.5520 26.4975 -3.2973
-0.5520 26.4975 -6.5947
-0.5520 26.4975 -1.6487
-0.5520 26.4975 -2.4730
-0.5520 26.4975 -4.9460
-0.5520 26.4975 -7.4190
-0.5520 26.4975 -5.7703
-0.5520 26.4975 -8.2433
-0.5520 26.4975 -4.1217
-0.5520 24.2894 -9.8920
-0.5520 24.2894 -9.0677
-0.5520 25.9455 -1.6487
-0.5520 25.9455 -7.4190
-0.5520 25.9455 -9.0677
-0.5520 25.9455 -8.2433
-0.5520 23.7373 -9.8920
-0.5520 23.7373 -9.0677
1.1041 25.3934 -6.5947
1.1041 25.3934 -4.9460
1.1041 25.3934 -7.4190
1.1041 25.3934 -5.7703
1.1041 25.3934 -4.1217
1.1041 23.1853 -9.0677
1.1041 23.1853 -8.2433
1.1041 24.8414 -6.5947
1.1041 24.8414 -4.9460
1.1041 24.8414 -7.4190
1.1041 24.8414 -5.7703
1.1041 22.6333 -9.0677
1.1041 22.6333 -8.2433
1.1041 24.2894 -6.5947
1.1041 24.2894 -7.4190
1.1041 24.2894 -8.2433
1.1041 23.7373 -7.4190
1.1041 23.7373 -9.0677
1.1041 23.7373 -8.2433
-1.1041 27.6016 -6.5947
-1.1041 27.6016 -4.9460
-1.1041 27.6016 -7.4190
-1.1041 27.6016 -5.7703
-1.1041 27.6016 -4.1217
-1.1041 25.3934 -9.8920
-1.1041 25.3934 -9.0677
-1.1041 23.1853 -10.7163
-1.1041 23.1853 -9.8920
-1.1041 27.0495 -3.2973
-1.1041 27.0495 -6.5947
-1.1041 27.0495 -1.6487
-1.1041 27.0495 -2.4730
-1.1041 27.0495 -4.9460
-1.1041 27.0495 -7.4190
-1.1041 27.0495 -5.7703
-1.1041 27.0495 -8.2433
-1.1041 27.0495 -4.1217
-1.1041 24.8414 -9.8920
-1.1041 24.8414 -9.0677
-1.1041 22.6333 -10.7163
-1.1041 22.6333 -9.8920
-1.1041 26.4975 -1.6487
-1.1041 26.4975 -7.4190
-1.1041 26.4975 -9.0677
-1.1041 26.4975 -8.2433
-1.1041 24.2894 -9.8920
-1.1041 24.2894 -9.0677
-1.1041 25.9455 -1.6487
-1.1041 25.9455 -9.0677
-1.1041 25.9455 -8.2433
-1.1041 23.7373 -9.8920
-4.4162 27.6016 -9.0677
-4.4162 21.5292 -13.1893
-4.4162 21.5292 -12.3650
-4.4162 25.3934 -10.7163
-4.4162 25.3934 -9.8920
-4.4162 29.2577 -6.5947
-4.4162 29.2577 -4.9460
-4.4162 29.2577 -7.4190
-4.4162 29.2577 -5.7703
-4.4162 29.2577 -4.1217
-4.4162 19.3211 -13.1893
-4.4162 23.1853 -10.7163
-4.4162 23.1853 -11.5407
-4.4162 27.0495 -9.8920
-4.4162 27.0495 -9.0677
-4.4162 20.9772 -13.1893
-4.4162 24.8414 -10.7163
-4.4162 28.7056 -7.4190
-4.4162 22.6333 -12.3650
-4.4162 22.6333 -11.5407
-4.4162 26.4975 -9.8920
-4.4162 26.4975 -9.0677
-4.4162 20.4252 -13.1893
-4.4162 24.2894 -10.7163
-4.4162 28.1536 -7.4190
-4.4162 28.1536 -9.0677
-4.4162 28.1536 -8.2433
-4.4162 22.0812 -12.3650
-4.4162 22.0812 -11.5407
-4.4162 25.9455 -10.7163
-4.4162 25.9455 -9.8920
-4.4162 29.8097 -4.1217
-4.4162 19.8731 -13.1893
-4.4162 23.7373 -10.7163
-4.4162 23.7373 -11.5407
-8.8325 27.6016 -9.0677
-8.8325 27.6016 -8.2433
-8.8325 17.6650 -13.1893
-8.8325 21.5292 -12.3650
-8.8325 25.3934 -9.8920
-8.8325 29.2577 -6.5947
-8.8325 29.2577 -4.9460
-8.8325 29.2577 -5.7703
-8.8325 19.3211 -13.1893
-8.8325 19.3211 -12.3650
-8.8325 23.1853 -11.5407
-8.8325 27.0495 -9.0677
-8.8325 17.1130 -13.1893
-8.8325 15.4569 -12.3650
-8.8325 20.9772 -12.3650
-8.8325 24.8414 -9.8920
-8.8325 28.7056 -6.5947
-8.8325 28.7056 -7.4190
-8.8325 28.7056 -8.2433
-8.8325 18.7691 -13.1893
-8.8325 18.7691 -12.3650
-8.8325 22.6333 -12.3650
-8.8325 22.6333 -11.5407
-8.8325 26.4975 -9.8920
-8.8325 26.4975 -9.0677
-8.8325 16.5609 -13.1893
-8.8325 20.4252 -13.1893
-8.8325 20.4252 -12.3650
-8.8325 24.2894 -10.7163
-8.8325 24.2894 -9.8920
-8.8325 24.2894 -11.5407
-8.8325 28.1536 -9.0677
-8.8325 28.1536 -8.2433
-8.8325 18.2170 -13.1893
-8.8325 18.2170 -12.3650
-8.8325 22.0812 -12.3650
-8.8325 25.9455 -9.8920
-8.8325 25.9455 -9.0677
-8.8325 16.0089 -13.1893
-8.8325 16.0089 -12.3650
-8.8325 29.8097 -4.9460
-8.8325 19.8731 -13.1893
-8.8325 19.8731 -12.3650
-8.8325 23.7373 -11.5407
2.2081 23.1853 -6.5947
2.2081 23.1853 -7.4190
2.2081 22.6333 -7.4190
2.2081 22.0812 -7.4190
2.2081 23.7373 -6.5947
2.2081 23.7373 -7.4190
-2.2081 27.6016 -3.2973
-2.2081 27.6016 -6.5947
-2.2081 27.6016 -2.4730
-2.2081 27.6016 -4.9460
-2.2081 27.6016 -7.4190
-2.2081 27.6016 -5.7703
-2.2081 27.6016 -8.2433
-2.2081 27.6016 -4.1217
-2.2081 25.3934 -9.8920
-2.2081 23.1853 -10.7163
-2.2081 27.0495 -3.2973
-2.2081 27.0495 -2.4730
-2.2081 27.0495 -7.4190
-2.2081 27.0495 -9.0677
-2.2081 27.0495 -8.2433
-2.2081 24.8414 -9.8920
-2.2081 22.6333 -10.7163
-2.2081 22.6333 -11.5407
-2.2081 26.4975 -9.8920
-2.2081 26.4975 -9.0677
-2.2081 26.4975 -8.2433
-2.2081 24.2894 -9.8920
-2.2081 28.1536 -3.2973
-2.2081 28.1536 -6.5947
-2.2081 28.1536 -4.9460
-2.2081 28.1536 -7.4190
-2.2081 28.1536 -5.7703
-2.2081 28.1536 -4.1217
-2.2081 22.0812 -10.7163
-2.2081 22.0812 -11.5407
-2.2081 25.9455 -9.8920
-2.2081 23.7373 -10.7163
-2.2081 23.7373 -9.8920
-12.6967 28.1536 -3.2973
-12.6967 28.1536 -2.4730
-12.6967 28.1536 -4.9460
-12.6967 28.1536 -5.7703
-12.6967 28.1536 -4.1217
-11.5927 27.6016 -6.5947
-11.5927 27.6016 -7.4190
-11.5927 29.2577 -3.2973
-11.5927 29.2577 -4.1217
-11.5927 27.0495 -6.5947
-11.5927 27.0495 -7.4190
-11.5927 27.0495 -8.2433
-11.5927 28.7056 -3.2973
-11.5927 28.7056 -4.1217
-11.5927 26.4975 -7.4190
-11.5927 26.4975 -8.2433
-11.5927 28.1536 -3.2973
-11.5927 28.1536 -6.5947
-11.5927 28.1536 -2.4730
-11.5927 28.1536 -4.9460
-11.5927 28.1536 -5.7703
-11.5927 28.1536 -4.1217
-11.5927 25.9455 -8.2433
-3.8642 27.6016 -9.0677
-3.8642 27.6016 -8.2433
-3.8642 21.5292 -13.1893
-3.8642 21.5292 -12.3650
-3.8642 21.5292 -11.5407
-3.8642 25.3934 -10.7163
-3.8642 25.3934 -9.8920
-3.8642 29.2577 -6.5947
-3.8642 29.2577 -4.9460
-3.8642 29.2577 -7.4190
-3.8642 29.2577 -5.7703
-3.8642 29.2577 -4.1217
-3.8642 19.3211 -13.1893
-3.8642 23.1853 -10.7163
-3.8642 23.1853 -11.5407
-3.8642 27.0495 -9.8920
-3.8642 27.0495 -9.0677
-3.8642 20.9772 -13.1893
-3.8642 20.9772 -12.3650
-3.8642 20.9772 -11.5407
-3.8642 24.8414 -10.7163
-3.8642 24.8414 -9.8920
-3.8642 28.7056 -6.5947
-3.8642 28.7056 -4.9460
-3.8642 28.7056 -7.4190
-3.8642 28.7056 -5.7703
-3.8642 28.7056 -4.1217
-3.8642 22.6333 -11.5407
-3.8642 26.4975 -9.8920
-3.8642 20.4252 -13.1893
-3.8642 24.2894 -10.7163
-3.8642 24.2894 -9.8920
-3.8642 28.1536 -7.4190
-3.8642 28.1536 -9.0677
-3.8642 28.1536 -8.2433
-3.8642 22.0812 -12.3650
-3.8642 22.0812 -11.5407
-3.8642 25.9455 -9.8920
-3.8642 19.8731 -13.1893
-3.8642 23.7373 -10.7163
-3.8642 23.7373 -11.5407
-7.7284 27.6016 -9.0677
-7.7284 17.6650 -13.1893
-7.7284 21.5292 -12.3650
-7.7284 25.3934 -9.8920
-7.7284 29.2577 -6.5947
-7.7284 29.2577 -5.7703
-7.7284 19.3211 -13.1893
-7.7284 23.1853 -12.3650
-7.7284 23.1853 -11.5407
-7.7284 27.0495 -9.8920
-7.7284 27.0495 -9.0677
-7.7284 17.1130 -13.1893
-7.7284 15.4569 -13.1893
-7.7284 20.9772 -13.1893
-7.7284 20.9772 -12.3650
-7.7284 24.8414 -9.8920
-7.7284 28.7056 -6.5947
-7.7284 28.7056 -7.4190
-7.7284 28.7056 -8.2433
-7.7284 18.7691 -13.1893
-7.7284 22.6333 -12.3650
-7.7284 26.4975 -9.8920
-7.7284 30.3617 -4.9460
-7.7284 16.5609 -13.1893
-7.7284 20.4252 -13.1893
-7.7284 24.2894 -10.7163
-7.7284 24.2894 -9.8920
-7.7284 28.1536 -9.0677
-7.7284 28.1536 -8.2433
-7.7284 18.2170 -13.1893
-7.7284 22.0812 -12.3650
-7.7284 25.9455 -9.8920
-7.7284 14.9048 -2.4730
-7.7284 16.0089 -13.1893
-7.7284 29.8097 -4.9460
-7.7284 29.8097 -5.7703
-7.7284 19.8731 -13.1893
-7.7284 23.7373 -10.7163
-7.7284 23.7373 -11.5407
-10.4886 13.8008 -10.7163
-10.4886 13.8008 -9.8920
-10.4886 13.8008 -9.0677
-10.4886 27.6016 -6.5947
-10.4886 27.6016 -7.4190
-10.4886 27.6016 -8.2433
-10.4886 17.6650 -12.3650
-10.4886 21.5292 -12.3650
-10.4886 25.3934 -9.8920
-10.4886 25.3934 -9.0677
-10.4886 29.2577 -3.2973
-10.4886 29.2577 -6.5947
-10.4886 29.2577 -4.9460
-10.4886 29.2577 -5.7703
-10.4886 29.2577 -4.1217
-10.4886 19.3211 -12.3650
-10.4886 23.1853 -11.5407
-10.4886 27.0495 -8.2433
-10.4886 17.1130 -12.3650
-10.4886 17.1130 -11.5407
-10.4886 15.4569 -10.7163
-10.4886 15.4569 -11.5407
-10.4886 20.9772 -12.3650
-10.4886 24.8414 -9.8920
-10.4886 14.3528 -10.7163
-10.4886 14.3528 -9.8920
-10.4886 14.3528 -9.0677
-10.4886 14.3528 -8.2433
-10.4886 28.7056 -3.2973
-10.4886 28.7056 -6.5947
-10.4886 28.7056 -4.9460
-10.4886 28.7056 -5.7703
-10.4886 28.7056 -4.1217
-10.4886 18.7691 -12.3650
-10.4886 22.6333 -11.5407
-10.4886 26.4975 -9.0677
-10.4886 26.4975 -8.2433
-10.4886 16.5609 -10.7163
-10.4886 16.5609 -11.5407
-10.4886 20.4252 -12.3650
-10.4886 28.1536 -6.5947
-10.4886 28.1536 -7.4190
-10.4886 18.2170 -12.3650
-10.4886 22.0812 -12.3650
-10.4886 22.0812 -11.5407
-10.4886 25.9455 -9.0677
-10.4886 14.9048 -10.7163
-10.4886 16.0089 -10.7163
-10.4886 16.0089 -11.5407
-10.4886 29.8097 -3.2973
-10.4886 29.8097 -4.1217
-10.4886 19.8731 -12.3650
-10.4886 23.7373 -11.5407
-7.1764 27.6016 -9.0677
-7.1764 17.6650 -13.1893
-7.1764 21.5292 -12.3650
-7.1764 25.3934 -9.8920
-7.1764 29.2577 -6.5947
-7.1764 29.2577 -5.7703
-7.1764 19.3211 -13.1893
-7.1764 23.1853 -10.7163
-7.1764 23.1853 -12.3650
-7.1764 23.1853 -11.5407
-7.1764 27.0495 -9.8920
-7.1764 27.0495 -9.0677
-7.1764 17.1130 -13.1893
-7.1764 15.4569 -13.1893
-7.1764 20.9772 -13.1893
-7.1764 20.9772 -12.3650
-7.1764 24.8414 -10.7163
-7.1764 24.8414 -9.8920
-7.1764 28.7056 -6.5947
-7.1764 28.7056 -7.4190
-7.1764 28.7056 -8.2433
-7.1764 18.7691 -13.1893
-7.1764 22.6333 -12.3650
-7.1764 26.4975 -9.8920
-7.1764 30.3617 -4.9460
-7.1764 16.5609 -13.1893
-7.1764 20.4252 -13.1893
-7.1764 24.2894 -10.7163
-7.1764 24.2894 -9.8920
-7.1764 28.1536 -9.0677
-7.1764 28.1536 -8.2433
-7.1764 18.2170 -13.1893
-7.1764 22.0812 -12.3650
-7.1764 25.9455 -9.8920
-7.1764 16.0089 -13.1893
-7.1764 29.8097 -4.9460
-7.1764 29.8097 -5.7703
-7.1764 19.8731 -13.1893
-7.1764 23.7373 -10.7163
-7.1764 23.7373 -11.5407
-9.3845 27.6016 -9.0677
-9.3845 27.6016 -8.2433
-9.3845 17.6650 -13.1893
-9.3845 17.6650 -12.3650
-9.3845 21.5292 -12.3650
-9.3845 25.3934 -9.8920
-9.3845 29.2577 -6.5947
-9.3845 29.2577 -4.9460
-9.3845 29.2577 -5.7703
-9.3845 29.2577 -4.1217
-9.3845 19.3211 -13.1893
-9.3845 19.3211 -12.3650
-9.3845 23.1853 -11.5407
-9.3845 27.0495 -9.0677
-9.3845 27.0495 -8.2433
-9.3845 17.1130 -13.1893
-9.3845 15.4569 -6.5947
-9.3845 15.4569 -12.3650
-9.3845 15.4569 -11.5407
-9.3845 20.9772 -12.3650
-9.3845 24.8414 -9.8920
-9.3845 28.7056 -6.5947
-9.3845 28.7056 -7.4190
-9.3845 28.7056 -8.2433
-9.3845 18.7691 -12.3650
-9.3845 22.6333 -12.3650
-9.3845 22.6333 -11.5407
-9.3845 26.4975 -9.0677
-9.3845 16.5609 -13.1893
-9.3845 16.5609 -12.3650
-9.3845 20.4252 -12.3650
-9.3845 24.2894 -10.7163
-9.3845 24.2894 -9.8920
-9.3845 24.2894 -11.5407
-9.3845 28.1536 -7.4190
-9.3845 28.1536 -8.2433
-9.3845 18.2170 -13.1893
-9.3845 18.2170 -12.3650
-9.3845 22.0812 -12.3650
-9.3845 25.9455 -9.8920
-9.3845 25.9455 -9.0677
-9.3845 14.9048 -11.5407
-9.3845 16.0089 -13.1893
-9.3845 16.0089 -12.3650
-9.3845 16.0089 -11.5407
-9.3845 29.8097 -4.9460
-9.3845 29.8097 -4.1217
-9.3845 19.8731 -13.1893
-9.3845 19.8731 -12.3650
-9.3845 23.7373 -11.5407
1.6561 23.1853 -6.5947
1.6561 23.1853 -7.4190
1.6561 23.1853 -8.2433
1.6561 22.6333 -6.5947
1.6561 22.6333 -7.4190
1.6561 22.6333 -8.2433
1.6561 24.2894 -6.5947
1.6561 24.2894 -7.4190
1.6561 22.0812 -7.4190
1.6561 22.0812 -8.2433
1.6561 23.7373 -6.5947
1.6561 23.7373 -7.4190
1.6561 23.7373 -8.2433
-1.6561 27.6016 -3.2973
-1.6561 27.6016 -6.5947
-1.6561 27.6016 -1.6487
-1.6561 27.6016 -2.4730
-1.6561 27.6016 -4.9460
-1.6561 27.6016 -7.4190
-1.6561 27.6016 -5.7703
-1.6561 27.6016 -4.1217
-1.6561 25.3934 -9.8920
-1.6561 25.3934 -9.0677
-1.6561 23.1853 -10.7163
-1.6561 23.1853 -9.8920
-1.6561 27.0495 -3.2973
-1.6561 27.0495 -1.6487
-1.6561 27.0495 -2.4730
-1.6561 27.0495 -7.4190
-1.6561 27.0495 -8.2433
-1.6561 27.0495 -4.1217
-1.6561 24.8414 -9.8920
-1.6561 22.6333 -10.7163
-1.6561 26.4975 -1.6487
-1.6561 26.4975 -9.8920
-1.6561 26.4975 -9.0677
-1.6561 26.4975 -8.2433
-1.6561 24.2894 -9.8920
-1.6561 28.1536 -6.5947
-1.6561 28.1536 -4.9460
-1.6561 28.1536 -7.4190
-1.6561 28.1536 -5.7703
-1.6561 25.9455 -9.8920
-1.6561 25.9455 -9.0677
-1.6561 23.7373 -10.7163
-1.6561 23.7373 -9.8920
-3.3122 27.6016 -9.0677
-3.3122 27.6016 -8.2433
-3.3122 21.5292 -11.5407
-3.3122 25.3934 -9.8920
-3.3122 29.2577 -4.9460
-3.3122 29.2577 -5.7703
-3.3122 19.3211 -13.1893
-3.3122 23.1853 -10.7163
-3.3122 23.1853 -11.5407
-3.3122 27.0495 -9.8920
-3.3122 27.0495 -9.0677
-3.3122 20.9772 -13.1893
-3.3122 24.8414 -9.8920
-3.3122 28.7056 -3.2973
-3.3122 28.7056 -6.5947
-3.3122 28.7056 -4.9460
-3.3122 28.7056 -7.4190
-3.3122 28.7056 -5.7703
-3.3122 28.7056 -4.1217
-3.3122 22.6333 -10.7163
-3.3122 22.6333 -11.5407
-3.3122 26.4975 -9.8920
-3.3122 20.4252 -13.1893
-3.3122 24.2894 -10.7163
-3.3122 24.2894 -9.8920
-3.3122 28.1536 -3.2973
-3.3122 28.1536 -6.5947
-3.3122 28.1536 -7.4190
-3.3122 28.1536 -5.7703
-3.3122 28.1536 -8.2433
-3.3122 28.1536 -4.1217
-3.3122 22.0812 -11.5407
-3.3122 25.9455 -9.8920
-3.3122 19.8731 -13.1893
-3.3122 23.7373 -10.7163
-6.6244 27.6016 -9.0677
-6.6244 17.6650 -13.1893
-6.6244 21.5292 -12.3650
-6.6244 25.3934 -9.8920
-6.6244 29.2577 -6.5947
-6.6244 29.2577 -5.7703
-6.6244 19.3211 -13.1893
-6.6244 23.1853 -10.7163
-6.6244 23.1853 -12.3650
-6.6244 23.1853 -11.5407
-6.6244 27.0495 -9.8920
-6.6244 27.0495 -9.0677
-6.6244 17.1130 -13.1893
-6.6244 15.4569 -13.1893
-6.6244 20.9772 -13.1893
-6.6244 20.9772 -12.3650
-6.6244 24.8414 -10.7163
-6.6244 24.8414 -9.8920
-6.6244 28.7056 -6.5947
-6.6244 28.7056 -7.4190
-6.6244 28.7056 -8.2433
-6.6244 18.7691 -13.1893
-6.6244 22.6333 -12.3650
-6.6244 26.4975 -9.8920
-6.6244 30.3617 -4.9460
-6.6244 30.3617 -5.7703
-6.6244 16.5609 -13.1893
-6.6244 20.4252 -13.1893
-6.6244 24.2894 -10.7163
-6.6244 28.1536 -9.0677
-6.6244 28.1536 -8.2433
-6.6244 18.2170 -13.1893
-6.6244 22.0812 -12.3650
-6.6244 25.9455 -9.8920
-6.6244 16.0089 -13.1893
-6.6244 29.8097 -6.5947
-6.6244 29.8097 -4.9460
-6.6244 29.8097 -5.7703
-6.6244 19.8731 -13.1893
-6.6244 23.7373 -10.7163
-13.2488 28.1536 -3.2973
-13.2488 28.1536 -4.9460
-13.2488 28.1536 -4.1217
-8.2805 27.6016 -9.0677
-8.2805 17.6650 -13.1893
-8.2805 21.5292 -12.3650
-8.2805 25.3934 -9.8920
-8.2805 29.2577 -6.5947
-8.2805 29.2577 -4.9460
-8.2805 29.2577 -5.7703
-8.2805 19.3211 -13.1893
-8.2805 23.1853 -12.3650
-8.2805 23.1853 -11.5407
-8.2805 27.0495 -9.8920
-8.2805 27.0495 -9.0677
-8.2805 17.1130 -13.1893
-8.2805 15.4569 -13.1893
-8.2805 15.4569 -12.3650
-8.2805 20.9772 -13.1893
-8.2805 20.9772 -12.3650
-8.2805 24.8414 -9.8920
-8.2805 28.7056 -6.5947
-8.2805 28.7056 -7.4190
-8.2805 28.7056 -8.2433
-8.2805 18.7691 -13.1893
-8.2805 22.6333 -12.3650
-8.2805 22.6333 -11.5407
-8.2805 26.4975 -9.8920
-8.2805 26.4975 -9.0677
-8.2805 16.5609 -13.1893
-8.2805 20.4252 -13.1893
-8.2805 20.4252 -12.3650
-8.2805 24.2894 -10.7163
-8.2805 24.2894 -9.8920
-8.2805 24.2894 -11.5407
-8.2805 28.1536 -9.0677
-8.2805 28.1536 -8.2433
-8.2805 18.2170 -13.1893
-8.2805 22.0812 -12.3650
-8.2805 25.9455 -9.8920
-8.2805 16.0089 -13.1893
-8.2805 16.0089 -12.3650
-8.2805 29.8097 -4.9460
-8.2805 29.8097 -5.7703
-8.2805 19.8731 -13.1893
-8.2805 23.7373 -10.7163
-8.2805 23.7373 -11.5407
-6.0723 27.6016 -9.0677
-6.0723 21.5292 -13.1893
-6.0723 21.5292 -12.3650
-6.0723 25.3934 -10.7163
-6.0723 25.3934 -9.8920
-6.0723 29.2577 -6.5947
-6.0723 19.3211 -13.1893
-6.0723 23.1853 -10.7163
-6.0723 23.1853 -12.3650
-6.0723 23.1853 -11.5407
-6.0723 27.0495 -9.8920
-6.0723 27.0495 -9.0677
-6.0723 20.9772 -13.1893
-6.0723 20.9772 -12.3650
-6.0723 24.8414 -10.7163
-6.0723 24.8414 -9.8920
-6.0723 28.7056 -6.5947
-6.0723 28.7056 -7.4190
-6.0723 28.7056 -8.2433
-6.0723 18.7691 -13.1893
-6.0723 22.6333 -12.3650
-6.0723 26.4975 -9.8920
-6.0723 30.3617 -4.9460
-6.0723 30.3617 -5.7703
-6.0723 20.4252 -13.1893
-6.0723 24.2894 -10.7163
-6.0723 28.1536 -9.0677
-6.0723 28.1536 -8.2433
-6.0723 18.2170 -13.1893
-6.0723 22.0812 -12.3650
-6.0723 25.9455 -9.8920
-6.0723 29.8097 -6.5947
-6.0723 29.8097 -4.9460
-6.0723 29.8097 -5.7703
-6.0723 19.8731 -13.1893
-6.0723 23.7373 -10.7163
-12.1447 27.6016 -6.5947
-12.1447 27.6016 -5.7703
-12.1447 27.0495 -7.4190
-12.1447 26.4975 -7.4190
-12.1447 28.1536 -3.2973
-12.1447 28.1536 -6.5947
-12.1447 28.1536 -2.4730
-12.1447 28.1536 -4.9460
-12.1447 28.1536 -5.7703
-12.1447 28.1536 -4.1217
-5.5203 27.6016 -9.0677
-5.5203 21.5292 -13.1893
-5.5203 21.5292 -12.3650
-5.5203 25.3934 -10.7163
-5.5203 25.3934 -9.8920
-5.5203 29.2577 -6.5947
-5.5203 29.2577 -7.4190
-5.5203 29.2577 -5.7703
-5.5203 19.3211 -13.1893
-5.5203 23.1853 -10.7163
-5.5203 23.1853 -12.3650
-5.5203 23.1853 -11.5407
-5.5203 27.0495 -9.8920
-5.5203 27.0495 -9.0677
-5.5203 20.9772 -13.1893
-5.5203 24.8414 -10.7163
-5.5203 28.7056 -6.5947
-5.5203 28.7056 -7.4190
-5.5203 28.7056 -8.2433
-5.5203 18.7691 -13.1893
-5.5203 22.6333 -12.3650
-5.5203 26.4975 -9.8920
-5.5203 26.4975 -9.0677
-5.5203 30.3617 -4.9460
-5.5203 30.3617 -5.7703
-5.5203 20.4252 -13.1893
-5.5203 24.2894 -10.7163
-5.5203 28.1536 -9.0677
-5.5203 28.1536 -8.2433
-5.5203 22.0812 -12.3650
-5.5203 25.9455 -9.8920
-5.5203 29.8097 -6.5947
-5.5203 29.8097 -4.9460
-5.5203 29.8097 -5.7703
-5.5203 19.8731 -13.1893
-5.5203 23.7373 -10.7163
-11.0406 27.6016 -6.5947
-11.0406 27.6016 -7.4190
-11.0406 27.6016 -8.2433
-11.0406 17.6650 -12.3650
-11.0406 21.5292 -12.3650
-11.0406 25.3934 -9.8920
-11.0406 29.2577 -3.2973
-11.0406 29.2577 -4.1217
-11.0406 19.3211 -12.3650
-11.0406 27.0495 -7.4190
-11.0406 27.0495 -8.2433
-11.0406 15.4569 -10.7163
-11.0406 20.9772 -12.3650
-11.0406 24.8414 -9.8920
-11.0406 14.3528 -10.7163
-11.0406 28.7056 -6.5947
-11.0406 28.7056 -4.9460
-11.0406 28.7056 -5.7703
-11.0406 28.7056 -4.1217
-11.0406 18.7691 -12.3650
-11.0406 26.4975 -9.0677
-11.0406 26.4975 -8.2433
-11.0406 16.5609 -11.5407
-11.0406 20.4252 -12.3650
-11.0406 28.1536 -6.5947
-11.0406 28.1536 -4.9460
-11.0406 28.1536 -5.7703
-11.0406 28.1536 -4.1217
-11.0406 18.2170 -12.3650
-11.0406 22.0812 -12.3650
-11.0406 22.0812 -11.5407
-11.0406 25.9455 -7.4190
-11.0406 25.9455 -9.0677
-11.0406 25.9455 -8.2433
-11.0406 14.9048 -10.7163
-11.0406 16.0089 -10.7163
-11.0406 19.8731 -12.3650
-2.7602 27.6016 -3.2973
-2.7602 27.6016 -7.4190
-2.7602 27.6016 -9.0677
-2.7602 27.6016 -8.2433
-2.7602 21.5292 -11.5407
-2.7602 25.3934 -9.8920
-2.7602 23.1853 -10.7163
-2.7602 27.0495 -9.8920
-2.7602 27.0495 -9.0677
-2.7602 27.0495 -8.2433
-2.7602 24.8414 -9.8920
-2.7602 28.7056 -3.2973
-2.7602 28.7056 -6.5947
-2.7602 28.7056 -4.9460
-2.7602 28.7056 -7.4190
-2.7602 28.7056 -5.7703
-2.7602 28.7056 -4.1217
-2.7602 22.6333 -10.7163
-2.7602 22.6333 -11.5407
-2.7602 26.4975 -9.8920
-2.7602 26.4975 -9.0677
-2.7602 24.2894 -10.7163
-2.7602 24.2894 -9.8920
-2.7602 28.1536 -3.2973
-2.7602 28.1536 -6.5947
-2.7602 28.1536 -4.9460
-2.7602 28.1536 -7.4190
-2.7602 28.1536 -5.7703
-2.7602 28.1536 -8.2433
-2.7602 28.1536 -4.1217
-2.7602 22.0812 -11.5407
-2.7602 25.9455 -9.8920
-2.7602 23.7373 -10.7163
-2.7602 23.7373 -9.8920
-4.9683 27.6016 -9.0677
-4.9683 21.5292 -13.1893
-4.9683 21.5292 -12.3650
-4.9683 25.3934 -10.7163
-4.9683 25.3934 -9.8920
-4.9683 29.2577 -6.5947
-4.9683 29.2577 -4.9460
-4.9683 29.2577 -7.4190
-4.9683 29.2577 -5.7703
-4.9683 29.2577 -4.1217
-4.9683 19.3211 -13.1893
-4.9683 23.1853 -10.7163
-4.9683 23.1853 -12.3650
-4.9683 23.1853 -11.5407
-4.9683 27.0495 -9.0677
-4.9683 20.9772 -13.1893
-4.9683 24.8414 -10.7163
-4.9683 28.7056 -7.4190
-4.9683 28.7056 -8.2433
-4.9683 22.6333 -12.3650
-4.9683 22.6333 -11.5407
-4.9683 26.4975 -9.8920
-4.9683 26.4975 -9.0677
-4.9683 20.4252 -13.1893
-4.9683 24.2894 -10.7163
-4.9683 28.1536 -7.4190
-4.9683 28.1536 -9.0677
-4.9683 28.1536 -8.2433
-4.9683 22.0812 -12.3650
-4.9683 25.9455 -10.7163
-4.9683 25.9455 -9.8920
-4.9683 29.8097 -4.9460
-4.9683 29.8097 -5.7703
-4.9683 29.8097 -4.1217
-4.9683 19.8731 -13.1893
-4.9683 23.7373 -10.7163
-9.9366 13.8008 -10.7163
-9.9366 13.8008 -9.8920
-9.9366 13.8008 -9.0677
-9.9366 27.6016 -7.4190
-9.9366 27.6016 -8.2433
-9.9366 17.6650 -13.1893
-9.9366 17.6650 -12.3650
-9.9366 21.5292 -12.3650
-9.9366 25.3934 -9.8920
-9.9366 25.3934 -9.0677
-9.9366 29.2577 -3.2973
-9.9366 29.2577 -6.5947
-9.9366 29.2577 -4.9460
-9.9366 29.2577 -5.7703
-9.9366 29.2577 -4.1217
-9.9366 19.3211 -12.3650
-9.9366 23.1853 -11.5407
-9.9366 27.0495 -9.0677
-9.9366 27.0495 -8.2433
-9.9366 17.1130 -13.1893
-9.9366 17.1130 -12.3650
-9.9366 17.1130 -11.5407
-9.9366 15.4569 -10.7163
-9.9366 15.4569 -7.4190
-9.9366 15.4569 -11.5407
-9.9366 20.9772 -12.3650
-9.9366 24.8414 -9.8920
-9.9366 14.3528 -10.7163
-9.9366 14.3528 -9.0677
-9.9366 14.3528 -8.2433
-9.9366 28.7056 -3.2973
-9.9366 28.7056 -6.5947
-9.9366 28.7056 -4.9460
-9.9366 28.7056 -7.4190
-9.9366 28.7056 -4.1217
-9.9366 18.7691 -12.3650
-9.9366 22.6333 -12.3650
-9.9366 22.6333 -11.5407
-9.9366 26.4975 -9.0677
-9.9366 26.4975 -8.2433
-9.9366 16.5609 -13.1893
-9.9366 16.5609 -12.3650
-9.9366 16.5609 -11.5407
-9.9366 20.4252 -12.3650
-9.9366 24.2894 -11.5407
-9.9366 28.1536 -6.5947
-9.9366 28.1536 -7.4190
-9.9366 28.1536 -8.2433
-9.9366 18.2170 -12.3650
-9.9366 22.0812 -12.3650
-9.9366 22.0812 -11.5407
-9.9366 25.9455 -9.8920
-9.9366 25.9455 -9.0677
-9.9366 14.9048 -10.7163
-9.9366 14.9048 -7.4190
-9.9366 14.9048 -11.5407
-9.9366 14.9048 -8.2433
-9.9366 16.0089 -12.3650
-9.9366 16.0089 -11.5407
-9.9366 29.8097 -3.2973
-9.9366 29.8097 -4.1217
-9.9366 19.8731 -12.3650
-9.9366 23.7373 -11.5407
