-7.7284 19.3211 4.9460
-7.1764 20.4252 4.9460
-7.1764 19.8731 4.9460
-7.1764 19.3211 4.9460
-7.1764 19.3211 4.1217
-7.1764 18.7691 4.9460
-6.6244 21.5292 4.9460
-6.6244 21.5292 4.1217
-6.6244 21.5292 3.2973
-6.6244 20.9772 4.9460
-6.6244 20.9772 4.1217
-6.6244 20.9772 3.2973
-6.6244 20.4252 4.9460
-6.6244 20.4252 4.1217
-6.6244 20.4252 3.2973
-6.6244 19.8731 4.9460
-6.6244 19.3211 6.5947
-6.6244 19.3211 5.7703
-6.6244 19.3211 4.9460
-6.6244 18.7691 6.5947
-6.6244 18.7691 5.7703
-6.6244 18.7691 4.9460
-6.6244 18.2170 6.5947
-6.6244 18.2170 5.7703
-6.6244 18.2170 4.9460
-6.0723 22.0812 4.9460
-6.0723 22.0812 4.1217
-6.0723 22.0812 3.2973
-6.0723 22.0812 2.4730
-6.0723 21.5292 4.9460
-6.0723 21.5292 4.1217
-6.0723 21.5292 3.2973
-6.0723 21.5292 2.4730
-6.0723 20.9772 5.7703
-6.0723 20.9772 4.9460
-6.0723 20.9772 3.2973
-6.0723 20.9772 2.4730
-6.0723 20.4252 6.5947
-6.0723 20.4252 5.7703
-6.0723 20.4252 4.9460
-6.0723 19.8731 6.5947
-6.0723 19.8731 5.7703
-6.0723 19.8731 4.9460
-6.0723 19.3211 8.2433
-6.0723 19.3211 7.4190
-6.0723 19.3211 6.5947
-6.0723 19.3211 5.7703
-6.0723 19.3211 4.9460
-6.0723 18.7691 6.5947
-5.5203 23.1853 4.1217
-5.5203 23.1853 3.2973
-5.5203 22.6333 4.1217
-5.5203 22.6333 3.2973
-5.5203 22.6333 2.4730
-5.5203 22.0812 4.9460
-5.5203 22.0812 4.1217
-5.5203 22.0812 3.2973
-5.5203 22.0812 2.4730
-5.5203 21.5292 5.7703
-5.5203 21.5292 4.9460
-5.5203 20.9772 6.5947
-5.5203 20.9772 5.7703
-5.5203 20.9772 4.9460
-5.5203 20.4252 7.4190
-5.5203 20.4252 6.5947
-5.5203 20.4252 5.7703
-5.5203 19.8731 9.0677
-5.5203 19.8731 8.2433
-5.5203 19.8731 7.4190
-5.5203 19.8731 6.5947
-5.5203 19.3211 8.2433
-5.5203 19.3211 7.4190
-5.5203 19.3211 6.5947
-5.5203 18.7691 8.2433
-5.5203 18.7691 7.4190
-4.9683 23.7373 3.2973
-4.9683 23.7373 2.4730
-4.9683 23.1853 4.1217
-4.9683 23.1853 3.2973
-4.9683 23.1853 2.4730
-4.9683 22.6333 4.9460
-4.9683 22.6333 4.1217
-4.9683 22.6333 3.2973
-4.9683 22.6333 2.4730
-4.9683 22.0812 5.7703
-4.9683 22.0812 4.9460
-4.9683 22.0812 4.1217
-4.9683 21.5292 5.7703
-4.9683 21.5292 4.9460
-4.9683 20.9772 7.4190
-4.9683 20.9772 6.5947
-4.9683 20.9772 5.7703
-4.9683 20.4252 9.0677
-4.9683 20.4252 8.2433
-4.9683 20.4252 7.4190
-4.9683 20.4252 6.5947
-4.9683 19.8731 9.0677
-4.9683 19.8731 8.2433
-4.9683 19.8731 7.4190
-4.9683 19.3211 9.0677
-4.9683 19.3211 8.2433
-4.9683 19.3211 7.4190
-4.4162 24.2894 3.2973
-4.4162 24.2894 2.4730
-4.4162 23.7373 4.1217
-4.4162 23.7373 3.2973
-4.4162 23.7373 2.4730
-4.4162 23.1853 4.9460
-4.4162 23.1853 4.1217
-4.4162 23.1853 3.2973
-4.4162 23.1853 2.4730
-4.4162 22.6333 5.7703
-4.4162 22.6333 4.9460
-4.4162 22.6333 4.1217
-4.4162 22.0812 5.7703
-4.4162 22.0812 4.9460
-4.4162 21.5292 6.5947
-4.4162 21.5292 5.7703
-4.4162 20.9772 9.0677
-4.4162 20.9772 8.2433
-4.4162 20.9772 7.4190
-4.4162 20.9772 6.5947
-4.4162 20.9772 5.7703
-4.4162 20.4252 9.0677
-4.4162 20.4252 8.2433
-4.4162 20.4252 7.4190
-4.4162 19.8731 9.0677
-3.8642 24.8414 3.2973
-3.8642 24.8414 2.4730
-3.8642 24.2894 4.1217
-3.8642 24.2894 3.2973
-3.8642 24.2894 2.4730
-3.8642 23.7373 4.9460
-3.8642 23.7373 4.1217
-3.8642 23.7373 3.2973
-3.8642 23.1853 5.7703
-3.8642 23.1853 4.9460
-3.8642 23.1853 4.1217
-3.8642 22.6333 7.4190
-3.8642 22.6333 6.5947
-3.8642 22.6333 5.7703
-3.8642 22.6333 4.9460
-3.8642 22.0812 7.4190
-3.8642 22.0812 6.5947
-3.8642 22.0812 5.7703
-3.8642 21.5292 9.0677
-3.8642 21.5292 8.2433
-3.8642 21.5292 7.4190
-3.8642 21.5292 6.5947
-3.8642 21.5292 5.7703
-3.8642 20.9772 9.8920
-3.8642 20.9772 9.0677
-3.8642 20.9772 8.2433
-3.8642 20.9772 7.4190
-3.8642 20.9772 6.5947
-3.8642 20.4252 9.0677
-3.3122 25.3934 3.2973
-3.3122 25.3934 2.4730
-3.3122 24.8414 3.2973
-3.3122 24.8414 2.4730
-3.3122 24.2894 4.9460
-3.3122 24.2894 4.1217
-3.3122 24.2894 3.2973
-3.3122 23.7373 4.9460
-3.3122 23.7373 4.1217
-3.3122 23.1853 6.5947
-3.3122 23.1853 5.7703
-3.3122 23.1853 4.9460
-3.3122 22.6333 7.4190
-3.3122 22.6333 6.5947
-3.3122 22.6333 5.7703
-3.3122 22.0812 9.0677
-3.3122 22.0812 8.2433
-3.3122 22.0812 7.4190
-3.3122 21.5292 9.8920
-3.3122 21.5292 9.0677
-3.3122 21.5292 8.2433
-3.3122 21.5292 7.4190
-3.3122 20.9772 9.8920
-3.3122 20.9772 9.0677
-2.7602 26.4975 1.6487
-2.7602 25.9455 3.2973
-2.7602 25.9455 2.4730
-2.7602 25.9455 1.6487
-2.7602 25.3934 3.2973
-2.7602 25.3934 2.4730
-2.7602 25.3934 1.6487
-2.7602 24.8414 4.1217
-2.7602 24.8414 3.2973
-2.7602 24.2894 4.9460
-2.7602 24.2894 4.1217
-2.7602 24.2894 3.2973
-2.7602 23.7373 6.5947
-2.7602 23.7373 5.7703
-2.7602 23.7373 4.9460
-2.7602 23.1853 6.5947
-2.7602 23.1853 5.7703
-2.7602 23.1853 4.9460
-2.7602 22.6333 8.2433
-2.7602 22.6333 7.4190
-2.7602 22.6333 6.5947
-2.7602 22.0812 9.8920
-2.7602 22.0812 9.0677
-2.7602 22.0812 8.2433
-2.7602 22.0812 7.4190
-2.7602 21.5292 9.8920
-2.7602 21.5292 9.0677
-2.7602 20.9772 9.8920
-2.2081 27.6016 1.6487
-2.2081 27.0495 3.2973
-2.2081 27.0495 2.4730
-2.2081 27.0495 1.6487
-2.2081 26.4975 3.2973
-2.2081 26.4975 2.4730
-2.2081 26.4975 1.6487
-2.2081 26.4975 0.8243
-2.2081 25.9455 3.2973
-2.2081 25.9455 2.4730
-2.2081 25.9455 1.6487
-2.2081 25.3934 4.1217
-2.2081 25.3934 3.2973
-2.2081 24.8414 6.5947
-2.2081 24.8414 5.7703
-2.2081 24.8414 4.9460
-2.2081 24.8414 4.1217
-2.2081 24.8414 3.2973
-2.2081 24.2894 6.5947
-2.2081 24.2894 5.7703
-2.2081 24.2894 4.9460
-2.2081 24.2894 4.1217
-2.2081 23.7373 7.4190
-2.2081 23.7373 6.5947
-2.2081 23.7373 5.7703
-2.2081 23.7373 4.9460
-2.2081 23.1853 8.2433
-2.2081 23.1853 7.4190
-2.2081 23.1853 6.5947
-2.2081 22.6333 9.0677
-2.2081 22.6333 8.2433
-2.2081 22.6333 7.4190
-2.2081 22.6333 6.5947
-2.2081 22.0812 9.8920
-2.2081 22.0812 9.0677
-2.2081 22.0812 8.2433
-1.6561 27.6016 3.2973
-1.6561 27.6016 2.4730
-1.6561 27.6016 1.6487
-1.6561 27.6016 0.8243
-1.6561 27.0495 3.2973
-1.6561 27.0495 2.4730
-1.6561 27.0495 1.6487
-1.6561 26.4975 3.2973
-1.6561 25.9455 4.1217
-1.6561 25.9455 3.2973
-1.6561 25.3934 4.9460
-1.6561 25.3934 4.1217
-1.6561 25.3934 3.2973
-1.6561 24.8414 6.5947
-1.6561 24.8414 5.7703
-1.6561 24.8414 4.9460
-1.6561 24.8414 4.1217
-1.6561 24.2894 7.4190
-1.6561 24.2894 6.5947
-1.6561 24.2894 5.7703
-1.6561 24.2894 4.9460
-1.6561 23.7373 8.2433
-1.6561 23.7373 7.4190
-1.6561 23.7373 6.5947
-1.6561 23.1853 9.0677
-1.6561 23.1853 8.2433
-1.6561 23.1853 7.4190
-1.6561 22.6333 10.7163
-1.6561 22.6333 9.8920
-1.6561 22.6333 9.0677
-1.6561 22.6333 8.2433
-1.6561 22.0812 10.7163
-1.6561 22.0812 9.8920
-1.6561 22.0812 9.0677
-1.1041 28.1536 3.2973
-1.1041 28.1536 2.4730
-1.1041 28.1536 1.6487
-1.1041 28.1536 0.8243
-1.1041 27.6016 3.2973
-1.1041 27.6016 2.4730
-1.1041 27.6016 1.6487
-1.1041 27.6016 0.8243
-1.1041 27.0495 4.1217
-1.1041 27.0495 3.2973
-1.1041 26.4975 5.7703
-1.1041 26.4975 4.9460
-1.1041 26.4975 4.1217
-1.1041 26.4975 3.2973
-1.1041 25.9455 5.7703
-1.1041 25.9455 4.9460
-1.1041 25.9455 4.1217
-1.1041 25.9455 3.2973
-1.1041 25.3934 5.7703
-1.1041 25.3934 4.9460
-1.1041 25.3934 4.1217
-1.1041 24.8414 7.4190
-1.1041 24.8414 6.5947
-1.1041 24.8414 5.7703
-1.1041 24.8414 4.9460
-1.1041 24.2894 8.2433
-1.1041 24.2894 7.4190
-1.1041 24.2894 6.5947
-1.1041 23.7373 9.0677
-1.1041 23.7373 8.2433
-1.1041 23.7373 7.4190
-1.1041 23.1853 10.7163
-1.1041 23.1853 9.8920
-1.1041 23.1853 9.0677
-1.1041 23.1853 8.2433
-1.1041 22.6333 10.7163
-1.1041 22.6333 9.8920
-1.1041 22.6333 9.0677
-1.1041 22.0812 10.7163
-0.5520 28.7056 3.2973
-0.5520 28.7056 2.4730
-0.5520 28.7056 1.6487
-0.5520 28.7056 0.8243
-0.5520 28.1536 3.2973
-0.5520 28.1536 2.4730
-0.5520 28.1536 1.6487
-0.5520 28.1536 0.8243
-0.5520 27.6016 4.1217
-0.5520 27.6016 3.2973
-0.5520 27.6016 2.4730
-0.5520 27.6016 1.6487
-0.5520 27.0495 5.7703
-0.5520 27.0495 4.9460
-0.5520 27.0495 4.1217
-0.5520 27.0495 3.2973
-0.5520 26.4975 5.7703
-0.5520 26.4975 4.9460
-0.5520 26.4975 4.1217
-0.5520 25.9455 5.7703
-0.5520 25.9455 4.9460
-0.5520 25.9455 4.1217
-0.5520 25.3934 7.4190
-0.5520 25.3934 6.5947
-0.5520 25.3934 5.7703
-0.5520 24.8414 8.2433
-0.5520 24.8414 7.4190
-0.5520 24.8414 6.5947
-0.5520 24.8414 5.7703
-0.5520 24.2894 8.2433
-0.5520 24.2894 7.4190
-0.5520 23.7373 9.0677
-0.5520 23.7373 8.2433
-0.5520 23.1853 9.8920
-0.5520 23.1853 9.0677
-0.5520 22.6333 9.8920
-0.5520 22.6333 9.0677
0.0000 29.2577 3.2973
0.0000 29.2577 2.4730
0.0000 28.7056 4.1217
0.0000 28.7056 3.2973
0.0000 28.7056 2.4730
0.0000 28.7056 1.6487
0.0000 28.7056 0.8243
0.0000 28.1536 4.1217
0.0000 28.1536 3.2973
0.0000 28.1536 2.4730
0.0000 28.1536 1.6487
0.0000 28.1536 0.8243
0.0000 27.6016 5.7703
0.0000 27.6016 4.9460
0.0000 27.6016 4.1217
0.0000 27.6016 3.2973
0.0000 27.0495 6.5947
0.0000 27.0495 5.7703
0.0000 27.0495 4.9460
0.0000 27.0495 4.1217
0.0000 26.4975 6.5947
0.0000 26.4975 5.7703
0.0000 26.4975 4.9460
0.0000 26.4975 4.1217
0.0000 25.9455 7.4190
0.0000 25.9455 6.5947
0.0000 25.9455 5.7703
0.0000 25.3934 8.2433
0.0000 25.3934 7.4190
0.0000 25.3934 6.5947
0.0000 25.3934 5.7703
0.0000 24.8414 9.0677
0.0000 24.8414 8.2433
0.0000 24.8414 7.4190
0.0000 24.2894 9.0677
0.0000 24.2894 8.2433
0.0000 23.7373 9.0677
0.0000 23.7373 8.2433
0.0000 23.1853 9.0677
0.5520 29.2577 2.4730
0.5520 28.7056 4.9460
0.5520 28.7056 4.1217
0.5520 28.7056 3.2973
0.5520 28.7056 2.4730
0.5520 28.7056 1.6487
0.5520 28.1536 5.7703
0.5520 28.1536 4.9460
0.5520 28.1536 4.1217
0.5520 28.1536 2.4730
0.5520 28.1536 1.6487
0.5520 27.6016 5.7703
0.5520 27.6016 4.9460
0.5520 27.6016 4.1217
0.5520 27.0495 8.2433
0.5520 27.0495 7.4190
0.5520 27.0495 6.5947
0.5520 27.0495 5.7703
0.5520 27.0495 4.9460
0.5520 27.0495 4.1217
0.5520 26.4975 8.2433
0.5520 26.4975 7.4190
0.5520 26.4975 6.5947
0.5520 25.9455 9.0677
0.5520 25.9455 8.2433
0.5520 25.9455 7.4190
0.5520 25.9455 6.5947
0.5520 25.3934 9.0677
0.5520 25.3934 8.2433
0.5520 25.3934 7.4190
0.5520 24.8414 9.0677
0.5520 24.8414 8.2433
0.5520 24.2894 9.0677
0.5520 23.7373 9.0677
1.1041 29.2577 4.9460
1.1041 28.7056 5.7703
1.1041 28.7056 4.9460
1.1041 28.7056 4.1217
1.1041 28.1536 6.5947
1.1041 28.1536 5.7703
1.1041 28.1536 4.9460
1.1041 27.6016 8.2433
1.1041 27.6016 7.4190
1.1041 27.6016 6.5947
1.1041 27.6016 5.7703
1.1041 27.0495 8.2433
1.1041 27.0495 7.4190
1.1041 27.0495 6.5947
1.1041 27.0495 5.7703
1.1041 26.4975 8.2433
1.1041 25.9455 9.0677
1.1041 25.9455 8.2433
1.1041 25.3934 9.0677
1.1041 25.3934 8.2433
1.1041 24.8414 9.0677
1.1041 24.2894 9.0677
1.6561 29.2577 6.5947
1.6561 29.2577 5.7703
1.6561 29.2577 4.9460
1.6561 28.7056 6.5947
1.6561 28.7056 5.7703
1.6561 28.7056 4.9460
1.6561 28.1536 6.5947
1.6561 28.1536 5.7703
1.6561 27.6016 7.4190
1.6561 27.6016 6.5947
1.6561 26.4975 8.2433
