0.0000 21.5292 -9.8920
0.0000 21.5292 -9.0677
0.0000 21.5292 -8.2433
0.0000 20.9772 -7.4190
0.0000 20.9772 -8.2433
0.0000 20.4252 -7.4190
0.0000 22.0812 -9.0677
0.0000 22.0812 -8.2433
0.5520 21.5292 -8.2433
0.5520 20.9772 -8.2433
0.5520 22.0812 -8.2433
-0.5520 21.5292 -9.8920
-0.5520 21.5292 -9.0677
-0.5520 21.5292 -8.2433
-0.5520 20.9772 -7.4190
-0.5520 20.9772 -8.2433
-0.5520 20.4252 -7.4190
-1.1041 21.5292 -9.8920
-1.1041 21.5292 -9.0677
-1.1041 21.5292 -8.2433
-1.1041 20.9772 -7.4190
-1.1041 20.9772 -8.2433
-1.1041 20.4252 -6.5947
-1.1041 20.4252 -7.4190
-1.1041 19.8731 -6.5947
-1.1041 19.8731 -7.4190
-4.4162 17.6650 -4.9460
-4.4162 17.6650 -5.7703
-4.4162 19.3211 -10.7163
-4.4162 19.3211 -6.5947
-4.4162 19.3211 -12.3650
-4.4162 19.3211 -7.4190
-4.4162 19.3211 -11.5407
-4.4162 19.3211 -8.2433
-4.4162 18.7691 -6.5947
-4.4162 18.7691 -12.3650
-4.4162 18.7691 -7.4190
-4.4162 18.7691 -5.7703
-4.4162 20.4252 -10.7163
-4.4162 20.4252 -9.8920
-4.4162 18.2170 -4.9460
-4.4162 18.2170 -5.7703
-4.4162 19.8731 -10.7163
-4.4162 19.8731 -9.8920
-4.4162 19.8731 -12.3650
-4.4162 19.8731 -7.4190
-4.4162 19.8731 -9.0677
-4.4162 19.8731 -11.5407
-4.4162 19.8731 -8.2433
-8.8325 15.4569 -10.7163
-8.8325 15.4569 -9.8920
-8.8325 15.4569 -9.0677
-8.8325 15.4569 -8.2433
-8.8325 16.5609 -10.7163
-8.8325 16.5609 -9.8920
-8.8325 16.5609 -9.0677
-8.8325 16.0089 -10.7163
-8.8325 16.0089 -6.5947
-8.8325 16.0089 -9.8920
-8.8325 16.0089 -7.4190
-8.8325 16.0089 -9.0677
-8.8325 16.0089 -5.7703
-8.8325 16.0089 -8.2433
-2.2081 21.5292 -9.8920
-2.2081 20.9772 -10.7163
-2.2081 20.9772 -9.8920
-2.2081 20.9772 -7.4190
-2.2081 20.9772 -9.0677
-2.2081 20.9772 -8.2433
-2.2081 18.7691 -5.7703
-2.2081 20.4252 -7.4190
-2.2081 20.4252 -8.2433
-2.2081 19.8731 -6.5947
-2.2081 19.8731 -7.4190
-3.8642 19.3211 -6.5947
-3.8642 19.3211 -7.4190
-3.8642 19.3211 -5.7703
-3.8642 18.7691 -6.5947
-3.8642 18.7691 -5.7703
-3.8642 20.4252 -10.7163
-3.8642 20.4252 -9.8920
-3.8642 20.4252 -12.3650
-3.8642 20.4252 -9.0677
-3.8642 20.4252 -11.5407
-3.8642 20.4252 -8.2433
-3.8642 18.2170 -5.7703
-3.8642 19.8731 -10.7163
-3.8642 19.8731 -9.8920
-3.8642 19.8731 -12.3650
-3.8642 19.8731 -7.4190
-3.8642 19.8731 -9.0677
-3.8642 19.8731 -11.5407
-3.8642 19.8731 -8.2433
-7.7284 17.6650 -10.7163
-7.7284 17.6650 -9.8920
-7.7284 17.6650 -9.0677
-7.7284 17.1130 -10.7163
-7.7284 17.1130 -6.5947
-7.7284 17.1130 -9.8920
-7.7284 17.1130 -7.4190
-7.7284 17.1130 -9.0677
-7.7284 17.1130 -11.5407
-7.7284 17.1130 -5.7703
-7.7284 17.1130 -8.2433
-7.7284 16.5609 -10.7163
-7.7284 16.5609 -6.5947
-7.7284 16.5609 -7.4190
-7.7284 16.5609 -9.0677
-7.7284 16.5609 -11.5407
-7.7284 16.5609 -5.7703
-7.7284 16.5609 -8.2433
-7.7284 16.0089 -10.7163
-7.7284 16.0089 -6.5947
-7.7284 16.0089 -4.9460
-7.7284 16.0089 -7.4190
-7.7284 16.0089 -11.5407
-7.7284 16.0089 -5.7703
-7.1764 17.6650 -10.7163
-7.1764 17.6650 -6.5947
-7.1764 17.6650 -9.8920
-7.1764 17.6650 -7.4190
-7.1764 17.6650 -9.0677
-7.1764 17.6650 -11.5407
-7.1764 17.6650 -8.2433
-7.1764 17.1130 -10.7163
-7.1764 17.1130 -6.5947
-7.1764 17.1130 -7.4190
-7.1764 17.1130 -9.0677
-7.1764 17.1130 -11.5407
-7.1764 17.1130 -5.7703
-7.1764 17.1130 -8.2433
-7.1764 15.4569 -4.9460
-7.1764 15.4569 -11.5407
-7.1764 16.5609 -12.3650
-7.1764 16.5609 -11.5407
-7.1764 16.5609 -5.7703
-7.1764 18.2170 -9.8920
-7.1764 18.2170 -9.0677
-7.1764 16.0089 -4.9460
-7.1764 16.0089 -12.3650
-7.1764 16.0089 -11.5407
-7.1764 16.0089 -5.7703
-9.3845 15.4569 -10.7163
-9.3845 15.4569 -9.8920
-9.3845 15.4569 -9.0677
-9.3845 15.4569 -8.2433
-9.3845 14.3528 -9.8920
-9.3845 14.9048 -9.8920
-9.3845 14.9048 -9.0677
-1.6561 21.5292 -9.8920
-1.6561 21.5292 -9.0677
-1.6561 21.5292 -8.2433
-1.6561 20.9772 -9.8920
-1.6561 20.9772 -7.4190
-1.6561 20.9772 -9.0677
-1.6561 20.9772 -8.2433
-1.6561 20.4252 -7.4190
-1.6561 22.0812 -9.8920
-1.6561 19.8731 -6.5947
-1.6561 19.8731 -7.4190
-3.3122 19.3211 -6.5947
-3.3122 19.3211 -7.4190
-3.3122 19.3211 -5.7703
-3.3122 20.9772 -10.7163
-3.3122 20.9772 -9.8920
-3.3122 20.9772 -9.0677
-3.3122 20.9772 -8.2433
-3.3122 18.7691 -5.7703
-3.3122 20.4252 -10.7163
-3.3122 20.4252 -9.8920
-3.3122 20.4252 -7.4190
-3.3122 20.4252 -9.0677
-3.3122 20.4252 -11.5407
-3.3122 20.4252 -8.2433
-3.3122 18.2170 -5.7703
-3.3122 19.8731 -6.5947
-3.3122 19.8731 -7.4190
-3.3122 19.8731 -8.2433
-6.6244 17.6650 -10.7163
-6.6244 17.6650 -6.5947
-6.6244 17.6650 -9.8920
-6.6244 17.6650 -12.3650
-6.6244 17.6650 -7.4190
-6.6244 17.6650 -9.0677
-6.6244 17.6650 -11.5407
-6.6244 17.6650 -5.7703
-6.6244 17.6650 -8.2433
-6.6244 17.1130 -6.5947
-6.6244 17.1130 -12.3650
-6.6244 17.1130 -7.4190
-6.6244 17.1130 -11.5407
-6.6244 17.1130 -5.7703
-6.6244 17.1130 -8.2433
-6.6244 18.7691 -9.8920
-6.6244 18.7691 -9.0677
-6.6244 16.5609 -4.9460
-6.6244 16.5609 -12.3650
-6.6244 16.5609 -11.5407
-6.6244 16.5609 -5.7703
-6.6244 18.2170 -10.7163
-6.6244 18.2170 -9.8920
-6.6244 18.2170 -7.4190
-6.6244 18.2170 -9.0677
-6.6244 18.2170 -11.5407
-6.6244 18.2170 -8.2433
-6.6244 16.0089 -4.9460
-6.6244 16.0089 -5.7703
-8.2805 17.1130 -10.7163
-8.2805 17.1130 -9.8920
-8.2805 17.1130 -9.0677
-8.2805 15.4569 -10.7163
-8.2805 16.5609 -10.7163
-8.2805 16.5609 -6.5947
-8.2805 16.5609 -9.8920
-8.2805 16.5609 -7.4190
-8.2805 16.5609 -9.0677
-8.2805 16.5609 -5.7703
-8.2805 16.5609 -8.2433
-8.2805 16.0089 -10.7163
-8.2805 16.0089 -6.5947
-8.2805 16.0089 -7.4190
-8.2805 16.0089 -9.0677
-8.2805 16.0089 -11.5407
-8.2805 16.0089 -5.7703
-8.2805 16.0089 -8.2433
-6.0723 17.6650 -6.5947
-6.0723 17.6650 -12.3650
-6.0723 17.6650 -7.4190
-6.0723 17.6650 -11.5407
-6.0723 17.6650 -5.7703
-6.0723 17.1130 -4.9460
-6.0723 17.1130 -12.3650
-6.0723 17.1130 -5.7703
-6.0723 18.7691 -10.7163
-6.0723 18.7691 -9.8920
-6.0723 18.7691 -12.3650
-6.0723 18.7691 -7.4190
-6.0723 18.7691 -9.0677
-6.0723 18.7691 -11.5407
-6.0723 18.7691 -8.2433
-6.0723 16.5609 -4.9460
-6.0723 16.5609 -12.3650
-6.0723 16.5609 -5.7703
-6.0723 18.2170 -10.7163
-6.0723 18.2170 -6.5947
-6.0723 18.2170 -9.8920
-6.0723 18.2170 -12.3650
-6.0723 18.2170 -7.4190
-6.0723 18.2170 -9.0677
-6.0723 18.2170 -11.5407
-6.0723 18.2170 -5.7703
-6.0723 18.2170 -8.2433
-5.5203 17.6650 -4.9460
-5.5203 17.6650 -12.3650
-5.5203 17.6650 -5.7703
-5.5203 19.3211 -10.7163
-5.5203 19.3211 -9.8920
-5.5203 19.3211 -12.3650
-5.5203 19.3211 -7.4190
-5.5203 19.3211 -9.0677
-5.5203 19.3211 -11.5407
-5.5203 19.3211 -8.2433
-5.5203 17.1130 -4.9460
-5.5203 17.1130 -5.7703
-5.5203 18.7691 -10.7163
-5.5203 18.7691 -6.5947
-5.5203 18.7691 -9.8920
-5.5203 18.7691 -12.3650
-5.5203 18.7691 -7.4190
-5.5203 18.7691 -9.0677
-5.5203 18.7691 -11.5407
-5.5203 18.7691 -8.2433
-5.5203 18.2170 -6.5947
-5.5203 18.2170 -12.3650
-5.5203 18.2170 -7.4190
-5.5203 18.2170 -5.7703
-2.7602 19.3211 -6.5947
-2.7602 19.3211 -5.7703
-2.7602 20.9772 -10.7163
-2.7602 20.9772 -9.8920
-2.7602 20.9772 -9.0677
-2.7602 20.9772 -8.2433
-2.7602 18.7691 -5.7703
-2.7602 20.4252 -10.7163
-2.7602 20.4252 -9.8920
-2.7602 20.4252 -7.4190
-2.7602 20.4252 -9.0677
-2.7602 20.4252 -11.5407
-2.7602 20.4252 -8.2433
-2.7602 19.8731 -6.5947
-2.7602 19.8731 -7.4190
-2.7602 19.8731 -5.7703
-4.9683 17.6650 -4.9460
-4.9683 17.6650 -5.7703
-4.9683 19.3211 -10.7163
-4.9683 19.3211 -9.8920
-4.9683 19.3211 -12.3650
-4.9683 19.3211 -7.4190
-4.9683 19.3211 -9.0677
-4.9683 19.3211 -11.5407
-4.9683 19.3211 -8.2433
-4.9683 17.1130 -4.9460
-4.9683 18.7691 -6.5947
-4.9683 18.7691 -12.3650
-4.9683 18.7691 -7.4190
-4.9683 18.7691 -5.7703
-4.9683 18.2170 -6.5947
-4.9683 18.2170 -12.3650
-4.9683 18.2170 -5.7703
-4.9683 19.8731 -10.7163
-4.9683 19.8731 -9.8920
-4.9683 19.8731 -9.0677
-4.9683 19.8731 -8.2433
