-12.1447 27.6016 -3.2973
-12.1447 27.6016 -4.1217
-12.1447 27.6016 -4.9460
-11.5927 27.6016 -2.4730
-11.5927 27.6016 -3.2973
-11.5927 27.6016 -4.1217
-11.5927 27.6016 -4.9460
-11.5927 27.6016 -5.7703
-11.5927 27.0495 -2.4730
-11.5927 27.0495 -3.2973
-11.5927 27.0495 -4.1217
-11.5927 27.0495 -4.9460
-11.5927 27.0495 -5.7703
-11.0406 28.7056 -3.2973
-11.0406 28.1536 -3.2973
-11.0406 27.6016 -2.4730
-11.0406 27.6016 -3.2973
-11.0406 27.6016 -4.1217
-11.0406 27.6016 -4.9460
-11.0406 27.6016 -5.7703
-11.0406 27.0495 -2.4730
-11.0406 27.0495 -3.2973
-11.0406 27.0495 -4.1217
-11.0406 27.0495 -4.9460
-11.0406 27.0495 -5.7703
-11.0406 27.0495 -6.5947
-11.0406 26.4975 -3.2973
-11.0406 26.4975 -4.1217
-11.0406 26.4975 -4.9460
-11.0406 26.4975 -5.7703
-11.0406 26.4975 -6.5947
-11.0406 26.4975 -7.4190
-10.4886 28.1536 -3.2973
-10.4886 28.1536 -4.1217
-10.4886 28.1536 -4.9460
-10.4886 28.1536 -5.7703
-10.4886 27.6016 -2.4730
-10.4886 27.6016 -3.2973
-10.4886 27.6016 -4.1217
-10.4886 27.6016 -4.9460
-10.4886 27.6016 -5.7703
-10.4886 27.0495 -2.4730
-10.4886 27.0495 -3.2973
-10.4886 27.0495 -4.1217
-10.4886 27.0495 -4.9460
-10.4886 27.0495 -5.7703
-10.4886 27.0495 -6.5947
-10.4886 27.0495 -7.4190
-10.4886 26.4975 -2.4730
-10.4886 26.4975 -3.2973
-10.4886 26.4975 -4.1217
-10.4886 26.4975 -4.9460
-10.4886 26.4975 -5.7703
-10.4886 26.4975 -6.5947
-10.4886 26.4975 -7.4190
-10.4886 25.9455 -2.4730
-10.4886 25.9455 -3.2973
-10.4886 25.9455 -4.1217
-10.4886 25.9455 -4.9460
-10.4886 25.9455 -5.7703
-10.4886 25.9455 -6.5947
-10.4886 25.9455 -7.4190
-10.4886 25.9455 -8.2433
-10.4886 25.3934 -7.4190
-10.4886 25.3934 -8.2433
-10.4886 21.5292 -11.5407
-10.4886 20.9772 -11.5407
-10.4886 20.4252 -11.5407
-10.4886 19.8731 -11.5407
-10.4886 19.3211 -11.5407
-10.4886 18.7691 -10.7163
-10.4886 18.7691 -11.5407
-10.4886 17.1130 -10.7163
-9.9366 28.7056 -5.7703
-9.9366 28.1536 -3.2973
-9.9366 28.1536 -4.1217
-9.9366 28.1536 -4.9460
-9.9366 28.1536 -5.7703
-9.9366 27.6016 -3.2973
-9.9366 27.6016 -4.1217
-9.9366 27.6016 -4.9460
-9.9366 27.6016 -5.7703
-9.9366 27.6016 -6.5947
-9.9366 27.0495 -2.4730
-9.9366 27.0495 -3.2973
-9.9366 27.0495 -4.1217
-9.9366 27.0495 -4.9460
-9.9366 27.0495 -5.7703
-9.9366 27.0495 -6.5947
-9.9366 27.0495 -7.4190
-9.9366 26.4975 -2.4730
-9.9366 26.4975 -3.2973
-9.9366 26.4975 -4.1217
-9.9366 26.4975 -4.9460
-9.9366 26.4975 -5.7703
-9.9366 26.4975 -6.5947
-9.9366 26.4975 -7.4190
-9.9366 25.9455 -2.4730
-9.9366 25.9455 -3.2973
-9.9366 25.9455 -4.1217
-9.9366 25.9455 -4.9460
-9.9366 25.9455 -5.7703
-9.9366 25.9455 -6.5947
-9.9366 25.9455 -7.4190
-9.9366 25.9455 -8.2433
-9.9366 25.3934 -2.4730
-9.9366 25.3934 -3.2973
-9.9366 25.3934 -4.1217
-9.9366 25.3934 -4.9460
-9.9366 25.3934 -5.7703
-9.9366 25.3934 -6.5947
-9.9366 25.3934 -7.4190
-9.9366 25.3934 -8.2433
-9.9366 24.8414 -2.4730
-9.9366 24.8414 -3.2973
-9.9366 24.8414 -4.1217
-9.9366 24.8414 -4.9460
-9.9366 24.8414 -5.7703
-9.9366 24.8414 -6.5947
-9.9366 24.8414 -7.4190
-9.9366 24.8414 -8.2433
-9.9366 24.8414 -9.0677
-9.9366 21.5292 -11.5407
-9.9366 20.9772 -10.7163
-9.9366 20.9772 -11.5407
-9.9366 20.4252 -10.7163
-9.9366 20.4252 -11.5407
-9.9366 19.8731 -10.7163
-9.9366 19.8731 -11.5407
-9.9366 19.3211 -10.7163
-9.9366 19.3211 -11.5407
-9.9366 18.7691 -9.8920
-9.9366 18.7691 -10.7163
-9.9366 18.7691 -11.5407
-9.9366 18.2170 -9.8920
-9.9366 18.2170 -10.7163
-9.9366 18.2170 -11.5407
-9.9366 17.6650 -9.0677
-9.9366 17.6650 -9.8920
-9.9366 17.6650 -10.7163
-9.9366 17.6650 -11.5407
-9.9366 17.1130 -9.0677
-9.9366 17.1130 -9.8920
-9.9366 17.1130 -10.7163
-9.9366 16.5609 -9.0677
-9.9366 16.5609 -9.8920
-9.9366 16.5609 -10.7163
-9.9366 16.0089 -9.0677
-9.9366 16.0089 -9.8920
-9.9366 16.0089 -10.7163
-9.9366 15.4569 -8.2433
-9.9366 15.4569 -9.0677
-9.9366 15.4569 -9.8920
-9.9366 14.9048 -9.0677
-9.9366 14.9048 -9.8920
-9.9366 14.3528 -9.8920
-9.3845 28.7056 -4.1217
-9.3845 28.7056 -4.9460
-9.3845 28.7056 -5.7703
-9.3845 28.1536 -3.2973
-9.3845 28.1536 -4.1217
-9.3845 28.1536 -4.9460
-9.3845 28.1536 -5.7703
-9.3845 28.1536 -6.5947
-9.3845 27.6016 -3.2973
-9.3845 27.6016 -4.1217
-9.3845 27.6016 -4.9460
-9.3845 27.6016 -5.7703
-9.3845 27.6016 -6.5947
-9.3845 27.6016 -7.4190
-9.3845 27.0495 -2.4730
-9.3845 27.0495 -3.2973
-9.3845 27.0495 -4.1217
-9.3845 27.0495 -4.9460
-9.3845 27.0495 -5.7703
-9.3845 27.0495 -6.5947
-9.3845 27.0495 -7.4190
-9.3845 26.4975 -2.4730
-9.3845 26.4975 -3.2973
-9.3845 26.4975 -4.1217
-9.3845 26.4975 -4.9460
-9.3845 26.4975 -5.7703
-9.3845 26.4975 -6.5947
-9.3845 26.4975 -7.4190
-9.3845 26.4975 -8.2433
-9.3845 25.9455 -2.4730
-9.3845 25.9455 -3.2973
-9.3845 25.9455 -4.1217
-9.3845 25.9455 -4.9460
-9.3845 25.9455 -5.7703
-9.3845 25.9455 -6.5947
-9.3845 25.9455 -7.4190
-9.3845 25.9455 -8.2433
-9.3845 25.3934 -2.4730
-9.3845 25.3934 -3.2973
-9.3845 25.3934 -4.1217
-9.3845 25.3934 -4.9460
-9.3845 25.3934 -5.7703
-9.3845 25.3934 -6.5947
-9.3845 25.3934 -7.4190
-9.3845 25.3934 -8.2433
-9.3845 25.3934 -9.0677
-9.3845 24.8414 -2.4730
-9.3845 24.8414 -3.2973
-9.3845 24.8414 -4.1217
-9.3845 24.8414 -4.9460
-9.3845 24.8414 -5.7703
-9.3845 24.8414 -6.5947
-9.3845 24.8414 -7.4190
-9.3845 24.8414 -8.2433
-9.3845 24.8414 -9.0677
-9.3845 24.2894 -3.2973
-9.3845 24.2894 -4.1217
-9.3845 24.2894 -4.9460
-9.3845 24.2894 -5.7703
-9.3845 24.2894 -6.5947
-9.3845 24.2894 -7.4190
-9.3845 24.2894 -8.2433
-9.3845 24.2894 -9.0677
-9.3845 23.7373 -3.2973
-9.3845 23.7373 -4.1217
-9.3845 23.7373 -4.9460
-9.3845 23.7373 -7.4190
-9.3845 23.7373 -8.2433
-9.3845 23.7373 -9.0677
-9.3845 23.7373 -9.8920
-9.3845 23.7373 -10.7163
-9.3845 23.1853 -7.4190
-9.3845 23.1853 -9.8920
-9.3845 23.1853 -10.7163
-9.3845 22.6333 -9.8920
-9.3845 22.6333 -10.7163
-9.3845 22.0812 -9.8920
-9.3845 22.0812 -10.7163
-9.3845 22.0812 -11.5407
-9.3845 21.5292 -9.8920
-9.3845 21.5292 -10.7163
-9.3845 21.5292 -11.5407
-9.3845 20.9772 -9.0677
-9.3845 20.9772 -9.8920
-9.3845 20.9772 -10.7163
-9.3845 20.9772 -11.5407
-9.3845 20.4252 -9.0677
-9.3845 20.4252 -9.8920
-9.3845 20.4252 -10.7163
-9.3845 20.4252 -11.5407
-9.3845 19.8731 -9.0677
-9.3845 19.8731 -9.8920
-9.3845 19.8731 -10.7163
-9.3845 19.8731 -11.5407
-9.3845 19.3211 -9.0677
-9.3845 19.3211 -9.8920
-9.3845 19.3211 -10.7163
-9.3845 19.3211 -11.5407
-9.3845 18.7691 -9.0677
-9.3845 18.7691 -9.8920
-9.3845 18.7691 -10.7163
-9.3845 18.7691 -11.5407
-9.3845 18.2170 -8.2433
-9.3845 18.2170 -9.0677
-9.3845 18.2170 -9.8920
-9.3845 18.2170 -10.7163
-9.3845 18.2170 -11.5407
-9.3845 17.6650 -8.2433
-9.3845 17.6650 -9.0677
-9.3845 17.6650 -9.8920
-9.3845 17.6650 -10.7163
-9.3845 17.6650 -11.5407
-9.3845 17.1130 -8.2433
-9.3845 17.1130 -9.0677
-9.3845 17.1130 -9.8920
-9.3845 17.1130 -10.7163
-9.3845 17.1130 -11.5407
-9.3845 17.1130 -12.3650
-9.3845 16.5609 -6.5947
-9.3845 16.5609 -7.4190
-9.3845 16.5609 -8.2433
-9.3845 16.5609 -9.0677
-9.3845 16.5609 -9.8920
-9.3845 16.5609 -10.7163
-9.3845 16.5609 -11.5407
-9.3845 16.0089 -6.5947
-9.3845 16.0089 -7.4190
-9.3845 16.0089 -8.2433
-9.3845 16.0089 -9.0677
-9.3845 16.0089 -9.8920
-9.3845 16.0089 -10.7163
-8.8325 29.2577 -4.1217
-8.8325 28.7056 -4.1217
-8.8325 28.7056 -4.9460
-8.8325 28.7056 -5.7703
-8.8325 28.1536 -3.2973
-8.8325 28.1536 -4.1217
-8.8325 28.1536 -4.9460
-8.8325 28.1536 -5.7703
-8.8325 28.1536 -6.5947
-8.8325 28.1536 -7.4190
-8.8325 27.6016 -3.2973
-8.8325 27.6016 -4.1217
-8.8325 27.6016 -4.9460
-8.8325 27.6016 -5.7703
-8.8325 27.6016 -6.5947
-8.8325 27.6016 -7.4190
-8.8325 27.0495 -3.2973
-8.8325 27.0495 -4.1217
-8.8325 27.0495 -4.9460
-8.8325 27.0495 -5.7703
-8.8325 27.0495 -6.5947
-8.8325 27.0495 -7.4190
-8.8325 27.0495 -8.2433
-8.8325 26.4975 -2.4730
-8.8325 26.4975 -3.2973
-8.8325 26.4975 -4.1217
-8.8325 26.4975 -4.9460
-8.8325 26.4975 -5.7703
-8.8325 26.4975 -6.5947
-8.8325 26.4975 -7.4190
-8.8325 26.4975 -8.2433
-8.8325 25.9455 -2.4730
-8.8325 25.9455 -3.2973
-8.8325 25.9455 -4.1217
-8.8325 25.9455 -4.9460
-8.8325 25.9455 -5.7703
-8.8325 25.9455 -6.5947
-8.8325 25.9455 -7.4190
-8.8325 25.9455 -8.2433
-8.8325 25.3934 -2.4730
-8.8325 25.3934 -3.2973
-8.8325 25.3934 -4.1217
-8.8325 25.3934 -4.9460
-8.8325 25.3934 -5.7703
-8.8325 25.3934 -6.5947
-8.8325 25.3934 -7.4190
-8.8325 25.3934 -8.2433
-8.8325 25.3934 -9.0677
-8.8325 24.8414 -2.4730
-8.8325 24.8414 -3.2973
-8.8325 24.8414 -4.1217
-8.8325 24.8414 -4.9460
-8.8325 24.8414 -5.7703
-8.8325 24.8414 -6.5947
-8.8325 24.8414 -7.4190
-8.8325 24.8414 -8.2433
-8.8325 24.8414 -9.0677
-8.8325 24.2894 -2.4730
-8.8325 24.2894 -3.2973
-8.8325 24.2894 -4.1217
-8.8325 24.2894 -4.9460
-8.8325 24.2894 -5.7703
-8.8325 24.2894 -6.5947
-8.8325 24.2894 -7.4190
-8.8325 24.2894 -8.2433
-8.8325 24.2894 -9.0677
-8.8325 23.7373 -1.6487
-8.8325 23.7373 -2.4730
-8.8325 23.7373 -3.2973
-8.8325 23.7373 -4.1217
-8.8325 23.7373 -4.9460
-8.8325 23.7373 -5.7703
-8.8325 23.7373 -6.5947
-8.8325 23.7373 -7.4190
-8.8325 23.7373 -8.2433
-8.8325 23.7373 -9.0677
-8.8325 23.7373 -9.8920
-8.8325 23.7373 -10.7163
-8.8325 23.1853 -3.2973
-8.8325 23.1853 -4.1217
-8.8325 23.1853 -4.9460
-8.8325 23.1853 -5.7703
-8.8325 23.1853 -6.5947
-8.8325 23.1853 -7.4190
-8.8325 23.1853 -8.2433
-8.8325 23.1853 -9.0677
-8.8325 23.1853 -9.8920
-8.8325 23.1853 -10.7163
-8.8325 22.6333 -3.2973
-8.8325 22.6333 -4.1217
-8.8325 22.6333 -4.9460
-8.8325 22.6333 -5.7703
-8.8325 22.6333 -6.5947
-8.8325 22.6333 -7.4190
-8.8325 22.6333 -8.2433
-8.8325 22.6333 -9.0677
-8.8325 22.6333 -9.8920
-8.8325 22.6333 -10.7163
-8.8325 22.0812 -3.2973
-8.8325 22.0812 -4.1217
-8.8325 22.0812 -6.5947
-8.8325 22.0812 -7.4190
-8.8325 22.0812 -8.2433
-8.8325 22.0812 -9.0677
-8.8325 22.0812 -9.8920
-8.8325 22.0812 -10.7163
-8.8325 22.0812 -11.5407
-8.8325 21.5292 -6.5947
-8.8325 21.5292 -7.4190
-8.8325 21.5292 -8.2433
-8.8325 21.5292 -9.0677
-8.8325 21.5292 -9.8920
-8.8325 21.5292 -10.7163
-8.8325 21.5292 -11.5407
-8.8325 20.9772 -7.4190
-8.8325 20.9772 -8.2433
-8.8325 20.9772 -9.0677
-8.8325 20.9772 -9.8920
-8.8325 20.9772 -10.7163
-8.8325 20.9772 -11.5407
-8.8325 20.4252 -8.2433
-8.8325 20.4252 -9.0677
-8.8325 20.4252 -9.8920
-8.8325 20.4252 -10.7163
-8.8325 20.4252 -11.5407
-8.8325 19.8731 -8.2433
-8.8325 19.8731 -9.0677
-8.8325 19.8731 -9.8920
-8.8325 19.8731 -10.7163
-8.8325 19.8731 -11.5407
-8.8325 19.3211 -8.2433
-8.8325 19.3211 -9.0677
-8.8325 19.3211 -9.8920
-8.8325 19.3211 -10.7163
-8.8325 19.3211 -11.5407
-8.8325 18.7691 -6.5947
-8.8325 18.7691 -7.4190
-8.8325 18.7691 -8.2433
-8.8325 18.7691 -9.0677
-8.8325 18.7691 -9.8920
-8.8325 18.7691 -10.7163
-8.8325 18.7691 -11.5407
-8.8325 18.2170 -5.7703
-8.8325 18.2170 -6.5947
-8.8325 18.2170 -7.4190
-8.8325 18.2170 -8.2433
-8.8325 18.2170 -9.0677
-8.8325 18.2170 -9.8920
-8.8325 18.2170 -10.7163
-8.8325 18.2170 -11.5407
-8.8325 17.6650 -4.9460
-8.8325 17.6650 -5.7703
-8.8325 17.6650 -6.5947
-8.8325 17.6650 -7.4190
-8.8325 17.6650 -8.2433
-8.8325 17.6650 -9.0677
-8.8325 17.6650 -9.8920
-8.8325 17.6650 -10.7163
-8.8325 17.6650 -11.5407
-8.8325 17.6650 -12.3650
-8.8325 17.1130 -4.9460
-8.8325 17.1130 -5.7703
-8.8325 17.1130 -6.5947
-8.8325 17.1130 -7.4190
-8.8325 17.1130 -8.2433
-8.8325 17.1130 -9.0677
-8.8325 17.1130 -9.8920
-8.8325 17.1130 -10.7163
-8.8325 17.1130 -11.5407
-8.8325 17.1130 -12.3650
-8.8325 16.5609 -5.7703
-8.8325 16.5609 -6.5947
-8.8325 16.5609 -7.4190
-8.8325 16.5609 -8.2433
-8.8325 16.5609 -11.5407
-8.8325 16.5609 -12.3650
-8.8325 16.0089 -11.5407
-8.2805 29.2577 -4.1217
-8.2805 28.7056 -4.1217
-8.2805 28.7056 -4.9460
-8.2805 28.7056 -5.7703
-8.2805 28.1536 -3.2973
-8.2805 28.1536 -4.1217
-8.2805 28.1536 -4.9460
-8.2805 28.1536 -5.7703
-8.2805 28.1536 -6.5947
-8.2805 28.1536 -7.4190
-8.2805 27.6016 -3.2973
-8.2805 27.6016 -4.1217
-8.2805 27.6016 -4.9460
-8.2805 27.6016 -5.7703
-8.2805 27.6016 -6.5947
-8.2805 27.6016 -7.4190
-8.2805 27.6016 -8.2433
-8.2805 27.0495 -3.2973
-8.2805 27.0495 -4.1217
-8.2805 27.0495 -4.9460
-8.2805 27.0495 -5.7703
-8.2805 27.0495 -6.5947
-8.2805 27.0495 -7.4190
-8.2805 27.0495 -8.2433
-8.2805 26.4975 -2.4730
-8.2805 26.4975 -3.2973
-8.2805 26.4975 -4.1217
-8.2805 26.4975 -4.9460
-8.2805 26.4975 -5.7703
-8.2805 26.4975 -6.5947
-8.2805 26.4975 -7.4190
-8.2805 26.4975 -8.2433
-8.2805 25.9455 -2.4730
-8.2805 25.9455 -3.2973
-8.2805 25.9455 -4.1217
-8.2805 25.9455 -4.9460
-8.2805 25.9455 -5.7703
-8.2805 25.9455 -6.5947
-8.2805 25.9455 -7.4190
-8.2805 25.9455 -8.2433
-8.2805 25.9455 -9.0677
-8.2805 25.3934 -2.4730
-8.2805 25.3934 -3.2973
-8.2805 25.3934 -4.1217
-8.2805 25.3934 -4.9460
-8.2805 25.3934 -5.7703
-8.2805 25.3934 -6.5947
-8.2805 25.3934 -7.4190
-8.2805 25.3934 -8.2433
-8.2805 25.3934 -9.0677
-8.2805 24.8414 -2.4730
-8.2805 24.8414 -3.2973
-8.2805 24.8414 -4.1217
-8.2805 24.8414 -4.9460
-8.2805 24.8414 -5.7703
-8.2805 24.8414 -6.5947
-8.2805 24.8414 -7.4190
-8.2805 24.8414 -8.2433
-8.2805 24.8414 -9.0677
-8.2805 24.2894 -2.4730
-8.2805 24.2894 -3.2973
-8.2805 24.2894 -4.1217
-8.2805 24.2894 -4.9460
-8.2805 24.2894 -5.7703
-8.2805 24.2894 -6.5947
-8.2805 24.2894 -7.4190
-8.2805 24.2894 -8.2433
-8.2805 24.2894 -9.0677
-8.2805 23.7373 -1.6487
-8.2805 23.7373 -2.4730
-8.2805 23.7373 -3.2973
-8.2805 23.7373 -4.1217
-8.2805 23.7373 -4.9460
-8.2805 23.7373 -5.7703
-8.2805 23.7373 -6.5947
-8.2805 23.7373 -7.4190
-8.2805 23.7373 -8.2433
-8.2805 23.7373 -9.0677
-8.2805 23.7373 -9.8920
-8.2805 23.1853 -1.6487
-8.2805 23.1853 -2.4730
-8.2805 23.1853 -3.2973
-8.2805 23.1853 -4.1217
-8.2805 23.1853 -4.9460
-8.2805 23.1853 -5.7703
-8.2805 23.1853 -6.5947
-8.2805 23.1853 -7.4190
-8.2805 23.1853 -8.2433
-8.2805 23.1853 -9.0677
-8.2805 23.1853 -9.8920
-8.2805 23.1853 -10.7163
-8.2805 22.6333 -1.6487
-8.2805 22.6333 -2.4730
-8.2805 22.6333 -3.2973
-8.2805 22.6333 -4.1217
-8.2805 22.6333 -4.9460
-8.2805 22.6333 -5.7703
-8.2805 22.6333 -6.5947
-8.2805 22.6333 -7.4190
-8.2805 22.6333 -8.2433
-8.2805 22.6333 -9.0677
-8.2805 22.6333 -9.8920
-8.2805 22.6333 -10.7163
-8.2805 22.0812 -2.4730
-8.2805 22.0812 -3.2973
-8.2805 22.0812 -4.1217
-8.2805 22.0812 -4.9460
-8.2805 22.0812 -5.7703
-8.2805 22.0812 -6.5947
-8.2805 22.0812 -7.4190
-8.2805 22.0812 -8.2433
-8.2805 22.0812 -9.0677
-8.2805 22.0812 -9.8920
-8.2805 22.0812 -10.7163
-8.2805 22.0812 -11.5407
-8.2805 21.5292 -3.2973
-8.2805 21.5292 -4.1217
-8.2805 21.5292 -4.9460
-8.2805 21.5292 -5.7703
-8.2805 21.5292 -6.5947
-8.2805 21.5292 -7.4190
-8.2805 21.5292 -8.2433
-8.2805 21.5292 -9.0677
-8.2805 21.5292 -9.8920
-8.2805 21.5292 -10.7163
-8.2805 21.5292 -11.5407
-8.2805 20.9772 -3.2973
-8.2805 20.9772 -4.1217
-8.2805 20.9772 -4.9460
-8.2805 20.9772 -5.7703
-8.2805 20.9772 -6.5947
-8.2805 20.9772 -7.4190
-8.2805 20.9772 -8.2433
-8.2805 20.9772 -9.0677
-8.2805 20.9772 -9.8920
-8.2805 20.9772 -10.7163
-8.2805 20.9772 -11.5407
-8.2805 20.4252 -3.2973
-8.2805 20.4252 -4.1217
-8.2805 20.4252 -4.9460
-8.2805 20.4252 -5.7703
-8.2805 20.4252 -6.5947
-8.2805 20.4252 -7.4190
-8.2805 20.4252 -8.2433
-8.2805 20.4252 -9.0677
-8.2805 20.4252 -9.8920
-8.2805 20.4252 -10.7163
-8.2805 20.4252 -11.5407
-8.2805 19.8731 -3.2973
-8.2805 19.8731 -4.1217
-8.2805 19.8731 -4.9460
-8.2805 19.8731 -5.7703
-8.2805 19.8731 -6.5947
-8.2805 19.8731 -7.4190
-8.2805 19.8731 -8.2433
-8.2805 19.8731 -9.0677
-8.2805 19.8731 -9.8920
-8.2805 19.8731 -10.7163
-8.2805 19.8731 -11.5407
-8.2805 19.8731 -12.3650
-8.2805 19.3211 -3.2973
-8.2805 19.3211 -4.1217
-8.2805 19.3211 -4.9460
-8.2805 19.3211 -5.7703
-8.2805 19.3211 -6.5947
-8.2805 19.3211 -7.4190
-8.2805 19.3211 -8.2433
-8.2805 19.3211 -9.0677
-8.2805 19.3211 -9.8920
-8.2805 19.3211 -10.7163
-8.2805 19.3211 -11.5407
-8.2805 19.3211 -12.3650
-8.2805 18.7691 -3.2973
-8.2805 18.7691 -4.1217
-8.2805 18.7691 -4.9460
-8.2805 18.7691 -5.7703
-8.2805 18.7691 -6.5947
-8.2805 18.7691 -7.4190
-8.2805 18.7691 -8.2433
-8.2805 18.7691 -9.0677
-8.2805 18.7691 -9.8920
-8.2805 18.7691 -10.7163
-8.2805 18.7691 -11.5407
-8.2805 18.7691 -12.3650
-8.2805 18.2170 -4.1217
-8.2805 18.2170 -4.9460
-8.2805 18.2170 -5.7703
-8.2805 18.2170 -6.5947
-8.2805 18.2170 -7.4190
-8.2805 18.2170 -8.2433
-8.2805 18.2170 -9.0677
-8.2805 18.2170 -9.8920
-8.2805 18.2170 -10.7163
-8.2805 18.2170 -11.5407
-8.2805 18.2170 -12.3650
-8.2805 17.6650 -4.1217
-8.2805 17.6650 -4.9460
-8.2805 17.6650 -5.7703
-8.2805 17.6650 -6.5947
-8.2805 17.6650 -7.4190
-8.2805 17.6650 -8.2433
-8.2805 17.6650 -9.0677
-8.2805 17.6650 -9.8920
-8.2805 17.6650 -10.7163
-8.2805 17.6650 -11.5407
-8.2805 17.6650 -12.3650
-8.2805 17.1130 -4.1217
-8.2805 17.1130 -4.9460
-8.2805 17.1130 -5.7703
-8.2805 17.1130 -6.5947
-8.2805 17.1130 -7.4190
-8.2805 17.1130 -8.2433
-8.2805 17.1130 -11.5407
-8.2805 17.1130 -12.3650
-8.2805 16.5609 -4.9460
-8.2805 16.5609 -11.5407
-8.2805 16.5609 -12.3650
-8.2805 16.0089 -4.9460
-7.7284 29.2577 -4.1217
-7.7284 29.2577 -4.9460
-7.7284 28.7056 -4.1217
-7.7284 28.7056 -4.9460
-7.7284 28.7056 -5.7703
-7.7284 28.1536 -3.2973
-7.7284 28.1536 -4.1217
-7.7284 28.1536 -4.9460
-7.7284 28.1536 -5.7703
-7.7284 28.1536 -6.5947
-7.7284 28.1536 -7.4190
-7.7284 27.6016 -3.2973
-7.7284 27.6016 -4.1217
-7.7284 27.6016 -4.9460
-7.7284 27.6016 -5.7703
-7.7284 27.6016 -6.5947
-7.7284 27.6016 -7.4190
-7.7284 27.6016 -8.2433
-7.7284 27.0495 -3.2973
-7.7284 27.0495 -4.1217
-7.7284 27.0495 -4.9460
-7.7284 27.0495 -5.7703
-7.7284 27.0495 -6.5947
-7.7284 27.0495 -7.4190
-7.7284 27.0495 -8.2433
-7.7284 26.4975 -2.4730
-7.7284 26.4975 -3.2973
-7.7284 26.4975 -4.1217
-7.7284 26.4975 -4.9460
-7.7284 26.4975 -5.7703
-7.7284 26.4975 -6.5947
-7.7284 26.4975 -7.4190
-7.7284 26.4975 -8.2433
-7.7284 26.4975 -9.0677
-7.7284 25.9455 -2.4730
-7.7284 25.9455 -3.2973
-7.7284 25.9455 -4.1217
-7.7284 25.9455 -4.9460
-7.7284 25.9455 -5.7703
-7.7284 25.9455 -6.5947
-7.7284 25.9455 -7.4190
-7.7284 25.9455 -8.2433
-7.7284 25.9455 -9.0677
-7.7284 25.3934 -2.4730
-7.7284 25.3934 -3.2973
-7.7284 25.3934 -4.1217
-7.7284 25.3934 -4.9460
-7.7284 25.3934 -5.7703
-7.7284 25.3934 -6.5947
-7.7284 25.3934 -7.4190
-7.7284 25.3934 -8.2433
-7.7284 25.3934 -9.0677
-7.7284 24.8414 -2.4730
-7.7284 24.8414 -3.2973
-7.7284 24.8414 -4.1217
-7.7284 24.8414 -4.9460
-7.7284 24.8414 -5.7703
-7.7284 24.8414 -6.5947
-7.7284 24.8414 -7.4190
-7.7284 24.8414 -8.2433
-7.7284 24.8414 -9.0677
-7.7284 24.2894 -1.6487
-7.7284 24.2894 -2.4730
-7.7284 24.2894 -3.2973
-7.7284 24.2894 -4.1217
-7.7284 24.2894 -4.9460
-7.7284 24.2894 -5.7703
-7.7284 24.2894 -6.5947
-7.7284 24.2894 -7.4190
-7.7284 24.2894 -8.2433
-7.7284 24.2894 -9.0677
-7.7284 23.7373 -1.6487
-7.7284 23.7373 -2.4730
-7.7284 23.7373 -3.2973
-7.7284 23.7373 -4.1217
-7.7284 23.7373 -4.9460
-7.7284 23.7373 -5.7703
-7.7284 23.7373 -6.5947
-7.7284 23.7373 -7.4190
-7.7284 23.7373 -8.2433
-7.7284 23.7373 -9.0677
-7.7284 23.7373 -9.8920
-7.7284 23.1853 -1.6487
-7.7284 23.1853 -2.4730
-7.7284 23.1853 -3.2973
-7.7284 23.1853 -4.1217
-7.7284 23.1853 -4.9460
-7.7284 23.1853 -5.7703
-7.7284 23.1853 -6.5947
-7.7284 23.1853 -7.4190
-7.7284 23.1853 -8.2433
-7.7284 23.1853 -9.0677
-7.7284 23.1853 -9.8920
-7.7284 23.1853 -10.7163
-7.7284 22.6333 -1.6487
-7.7284 22.6333 -2.4730
-7.7284 22.6333 -3.2973
-7.7284 22.6333 -4.1217
-7.7284 22.6333 -4.9460
-7.7284 22.6333 -5.7703
-7.7284 22.6333 -6.5947
-7.7284 22.6333 -7.4190
-7.7284 22.6333 -8.2433
-7.7284 22.6333 -9.0677
-7.7284 22.6333 -9.8920
-7.7284 22.6333 -10.7163
-7.7284 22.6333 -11.5407
-7.7284 22.0812 -1.6487
-7.7284 22.0812 -2.4730
-7.7284 22.0812 -3.2973
-7.7284 22.0812 -4.1217
-7.7284 22.0812 -4.9460
-7.7284 22.0812 -5.7703
-7.7284 22.0812 -6.5947
-7.7284 22.0812 -7.4190
-7.7284 22.0812 -8.2433
-7.7284 22.0812 -9.0677
-7.7284 22.0812 -9.8920
-7.7284 22.0812 -10.7163
-7.7284 22.0812 -11.5407
-7.7284 21.5292 -1.6487
-7.7284 21.5292 -2.4730
-7.7284 21.5292 -3.2973
-7.7284 21.5292 -4.1217
-7.7284 21.5292 -4.9460
-7.7284 21.5292 -5.7703
-7.7284 21.5292 -6.5947
-7.7284 21.5292 -7.4190
-7.7284 21.5292 -8.2433
-7.7284 21.5292 -9.0677
-7.7284 21.5292 -9.8920
-7.7284 21.5292 -10.7163
-7.7284 21.5292 -11.5407
-7.7284 20.9772 -1.6487
-7.7284 20.9772 -2.4730
-7.7284 20.9772 -3.2973
-7.7284 20.9772 -4.1217
-7.7284 20.9772 -4.9460
-7.7284 20.9772 -5.7703
-7.7284 20.9772 -6.5947
-7.7284 20.9772 -7.4190
-7.7284 20.9772 -8.2433
-7.7284 20.9772 -9.0677
-7.7284 20.9772 -9.8920
-7.7284 20.9772 -10.7163
-7.7284 20.9772 -11.5407
-7.7284 20.4252 -1.6487
-7.7284 20.4252 -2.4730
-7.7284 20.4252 -3.2973
-7.7284 20.4252 -4.1217
-7.7284 20.4252 -4.9460
-7.7284 20.4252 -5.7703
-7.7284 20.4252 -6.5947
-7.7284 20.4252 -7.4190
-7.7284 20.4252 -8.2433
-7.7284 20.4252 -9.0677
-7.7284 20.4252 -9.8920
-7.7284 20.4252 -10.7163
-7.7284 20.4252 -11.5407
-7.7284 20.4252 -12.3650
-7.7284 19.8731 -2.4730
-7.7284 19.8731 -3.2973
-7.7284 19.8731 -4.1217
-7.7284 19.8731 -4.9460
-7.7284 19.8731 -5.7703
-7.7284 19.8731 -6.5947
-7.7284 19.8731 -7.4190
-7.7284 19.8731 -8.2433
-7.7284 19.8731 -9.0677
-7.7284 19.8731 -9.8920
-7.7284 19.8731 -10.7163
-7.7284 19.8731 -11.5407
-7.7284 19.8731 -12.3650
-7.7284 19.3211 -2.4730
-7.7284 19.3211 -3.2973
-7.7284 19.3211 -4.1217
-7.7284 19.3211 -4.9460
-7.7284 19.3211 -5.7703
-7.7284 19.3211 -6.5947
-7.7284 19.3211 -7.4190
-7.7284 19.3211 -8.2433
-7.7284 19.3211 -9.0677
-7.7284 19.3211 -9.8920
-7.7284 19.3211 -10.7163
-7.7284 19.3211 -11.5407
-7.7284 19.3211 -12.3650
-7.7284 18.7691 -2.4730
-7.7284 18.7691 -3.2973
-7.7284 18.7691 -4.1217
-7.7284 18.7691 -4.9460
-7.7284 18.7691 -5.7703
-7.7284 18.7691 -6.5947
-7.7284 18.7691 -7.4190
-7.7284 18.7691 -8.2433
-7.7284 18.7691 -9.0677
-7.7284 18.7691 -9.8920
-7.7284 18.7691 -10.7163
-7.7284 18.7691 -11.5407
-7.7284 18.7691 -12.3650
-7.7284 18.2170 -2.4730
-7.7284 18.2170 -3.2973
-7.7284 18.2170 -4.1217
-7.7284 18.2170 -4.9460
-7.7284 18.2170 -5.7703
-7.7284 18.2170 -6.5947
-7.7284 18.2170 -7.4190
-7.7284 18.2170 -8.2433
-7.7284 18.2170 -9.0677
-7.7284 18.2170 -9.8920
-7.7284 18.2170 -10.7163
-7.7284 18.2170 -11.5407
-7.7284 18.2170 -12.3650
-7.7284 17.6650 -2.4730
-7.7284 17.6650 -3.2973
-7.7284 17.6650 -4.1217
-7.7284 17.6650 -4.9460
-7.7284 17.6650 -5.7703
-7.7284 17.6650 -6.5947
-7.7284 17.6650 -7.4190
-7.7284 17.6650 -8.2433
-7.7284 17.6650 -11.5407
-7.7284 17.6650 -12.3650
-7.7284 17.1130 -2.4730
-7.7284 17.1130 -3.2973
-7.7284 17.1130 -4.1217
-7.7284 17.1130 -4.9460
-7.7284 17.1130 -12.3650
-7.7284 16.5609 -2.4730
-7.7284 16.5609 -3.2973
-7.7284 16.5609 -4.1217
-7.7284 16.5609 -4.9460
-7.7284 16.5609 -12.3650
-7.7284 16.0089 -12.3650
-7.1764 29.2577 -4.9460
-7.1764 28.7056 -3.2973
-7.1764 28.7056 -4.1217
-7.1764 28.7056 -4.9460
-7.1764 28.7056 -5.7703
-7.1764 28.1536 -3.2973
-7.1764 28.1536 -4.1217
-7.1764 28.1536 -4.9460
-7.1764 28.1536 -5.7703
-7.1764 28.1536 -6.5947
-7.1764 28.1536 -7.4190
-7.1764 27.6016 -3.2973
-7.1764 27.6016 -4.1217
-7.1764 27.6016 -4.9460
-7.1764 27.6016 -5.7703
-7.1764 27.6016 -6.5947
-7.1764 27.6016 -7.4190
-7.1764 27.6016 -8.2433
-7.1764 27.0495 -3.2973
-7.1764 27.0495 -4.1217
-7.1764 27.0495 -4.9460
-7.1764 27.0495 -5.7703
-7.1764 27.0495 -6.5947
-7.1764 27.0495 -7.4190
-7.1764 27.0495 -8.2433
-7.1764 26.4975 -2.4730
-7.1764 26.4975 -3.2973
-7.1764 26.4975 -4.1217
-7.1764 26.4975 -4.9460
-7.1764 26.4975 -5.7703
-7.1764 26.4975 -6.5947
-7.1764 26.4975 -7.4190
-7.1764 26.4975 -8.2433
-7.1764 26.4975 -9.0677
-7.1764 25.9455 -2.4730
-7.1764 25.9455 -3.2973
-7.1764 25.9455 -4.1217
-7.1764 25.9455 -4.9460
-7.1764 25.9455 -5.7703
-7.1764 25.9455 -6.5947
-7.1764 25.9455 -7.4190
-7.1764 25.9455 -8.2433
-7.1764 25.9455 -9.0677
-7.1764 25.3934 -2.4730
-7.1764 25.3934 -3.2973
-7.1764 25.3934 -4.1217
-7.1764 25.3934 -4.9460
-7.1764 25.3934 -5.7703
-7.1764 25.3934 -6.5947
-7.1764 25.3934 -7.4190
-7.1764 25.3934 -8.2433
-7.1764 25.3934 -9.0677
-7.1764 24.8414 -2.4730
-7.1764 24.8414 -3.2973
-7.1764 24.8414 -4.1217
-7.1764 24.8414 -4.9460
-7.1764 24.8414 -5.7703
-7.1764 24.8414 -6.5947
-7.1764 24.8414 -7.4190
-7.1764 24.8414 -8.2433
-7.1764 24.8414 -9.0677
-7.1764 24.2894 -1.6487
-7.1764 24.2894 -2.4730
-7.1764 24.2894 -3.2973
-7.1764 24.2894 -4.1217
-7.1764 24.2894 -4.9460
-7.1764 24.2894 -5.7703
-7.1764 24.2894 -6.5947
-7.1764 24.2894 -7.4190
-7.1764 24.2894 -8.2433
-7.1764 24.2894 -9.0677
-7.1764 23.7373 -1.6487
-7.1764 23.7373 -2.4730
-7.1764 23.7373 -3.2973
-7.1764 23.7373 -4.1217
-7.1764 23.7373 -4.9460
-7.1764 23.7373 -5.7703
-7.1764 23.7373 -6.5947
-7.1764 23.7373 -7.4190
-7.1764 23.7373 -8.2433
-7.1764 23.7373 -9.0677
-7.1764 23.7373 -9.8920
-7.1764 23.1853 -1.6487
-7.1764 23.1853 -2.4730
-7.1764 23.1853 -3.2973
-7.1764 23.1853 -4.1217
-7.1764 23.1853 -4.9460
-7.1764 23.1853 -5.7703
-7.1764 23.1853 -6.5947
-7.1764 23.1853 -7.4190
-7.1764 23.1853 -8.2433
-7.1764 23.1853 -9.0677
-7.1764 23.1853 -9.8920
-7.1764 22.6333 -1.6487
-7.1764 22.6333 -2.4730
-7.1764 22.6333 -3.2973
-7.1764 22.6333 -4.1217
-7.1764 22.6333 -4.9460
-7.1764 22.6333 -5.7703
-7.1764 22.6333 -6.5947
-7.1764 22.6333 -7.4190
-7.1764 22.6333 -8.2433
-7.1764 22.6333 -9.0677
-7.1764 22.6333 -9.8920
-7.1764 22.6333 -10.7163
-7.1764 22.6333 -11.5407
-7.1764 22.0812 -1.6487
-7.1764 22.0812 -2.4730
-7.1764 22.0812 -3.2973
-7.1764 22.0812 -4.1217
-7.1764 22.0812 -4.9460
-7.1764 22.0812 -5.7703
-7.1764 22.0812 -6.5947
-7.1764 22.0812 -7.4190
-7.1764 22.0812 -8.2433
-7.1764 22.0812 -9.0677
-7.1764 22.0812 -9.8920
-7.1764 22.0812 -10.7163
-7.1764 22.0812 -11.5407
-7.1764 21.5292 -1.6487
-7.1764 21.5292 -2.4730
-7.1764 21.5292 -3.2973
-7.1764 21.5292 -4.1217
-7.1764 21.5292 -4.9460
-7.1764 21.5292 -5.7703
-7.1764 21.5292 -6.5947
-7.1764 21.5292 -7.4190
-7.1764 21.5292 -8.2433
-7.1764 21.5292 -9.0677
-7.1764 21.5292 -9.8920
-7.1764 21.5292 -10.7163
-7.1764 21.5292 -11.5407
-7.1764 20.9772 -1.6487
-7.1764 20.9772 -2.4730
-7.1764 20.9772 -3.2973
-7.1764 20.9772 -4.1217
-7.1764 20.9772 -4.9460
-7.1764 20.9772 -5.7703
-7.1764 20.9772 -6.5947
-7.1764 20.9772 -7.4190
-7.1764 20.9772 -8.2433
-7.1764 20.9772 -9.0677
-7.1764 20.9772 -9.8920
-7.1764 20.9772 -10.7163
-7.1764 20.9772 -11.5407
-7.1764 20.4252 -0.8243
-7.1764 20.4252 -1.6487
-7.1764 20.4252 -2.4730
-7.1764 20.4252 -3.2973
-7.1764 20.4252 -4.1217
-7.1764 20.4252 -4.9460
-7.1764 20.4252 -5.7703
-7.1764 20.4252 -6.5947
-7.1764 20.4252 -7.4190
-7.1764 20.4252 -8.2433
-7.1764 20.4252 -9.0677
-7.1764 20.4252 -9.8920
-7.1764 20.4252 -10.7163
-7.1764 20.4252 -11.5407
-7.1764 20.4252 -12.3650
-7.1764 19.8731 -0.8243
-7.1764 19.8731 -1.6487
-7.1764 19.8731 -2.4730
-7.1764 19.8731 -3.2973
-7.1764 19.8731 -4.1217
-7.1764 19.8731 -4.9460
-7.1764 19.8731 -5.7703
-7.1764 19.8731 -6.5947
-7.1764 19.8731 -7.4190
-7.1764 19.8731 -8.2433
-7.1764 19.8731 -9.0677
-7.1764 19.8731 -9.8920
-7.1764 19.8731 -10.7163
-7.1764 19.8731 -11.5407
-7.1764 19.8731 -12.3650
-7.1764 19.3211 -0.8243
-7.1764 19.3211 -1.6487
-7.1764 19.3211 -2.4730
-7.1764 19.3211 -3.2973
-7.1764 19.3211 -4.1217
-7.1764 19.3211 -4.9460
-7.1764 19.3211 -5.7703
-7.1764 19.3211 -6.5947
-7.1764 19.3211 -7.4190
-7.1764 19.3211 -8.2433
-7.1764 19.3211 -9.0677
-7.1764 19.3211 -9.8920
-7.1764 19.3211 -10.7163
-7.1764 19.3211 -11.5407
-7.1764 19.3211 -12.3650
-7.1764 18.7691 -1.6487
-7.1764 18.7691 -2.4730
-7.1764 18.7691 -3.2973
-7.1764 18.7691 -4.1217
-7.1764 18.7691 -4.9460
-7.1764 18.7691 -5.7703
-7.1764 18.7691 -6.5947
-7.1764 18.7691 -7.4190
-7.1764 18.7691 -8.2433
-7.1764 18.7691 -9.0677
-7.1764 18.7691 -9.8920
-7.1764 18.7691 -10.7163
-7.1764 18.7691 -11.5407
-7.1764 18.7691 -12.3650
-7.1764 18.2170 -1.6487
-7.1764 18.2170 -2.4730
-7.1764 18.2170 -3.2973
-7.1764 18.2170 -4.1217
-7.1764 18.2170 -4.9460
-7.1764 18.2170 -5.7703
-7.1764 18.2170 -6.5947
-7.1764 18.2170 -7.4190
-7.1764 18.2170 -8.2433
-7.1764 18.2170 -10.7163
-7.1764 18.2170 -11.5407
-7.1764 18.2170 -12.3650
-7.1764 17.6650 -1.6487
-7.1764 17.6650 -2.4730
-7.1764 17.6650 -3.2973
-7.1764 17.6650 -4.1217
-7.1764 17.6650 -4.9460
-7.1764 17.6650 -5.7703
-7.1764 17.6650 -12.3650
-7.1764 17.1130 -2.4730
-7.1764 17.1130 -3.2973
-7.1764 17.1130 -4.1217
-7.1764 17.1130 -4.9460
-7.1764 17.1130 -12.3650
-7.1764 16.5609 -2.4730
-7.1764 16.5609 -3.2973
-7.1764 16.5609 -4.1217
-7.1764 16.5609 -4.9460
-6.6244 29.2577 -4.9460
-6.6244 28.7056 -3.2973
-6.6244 28.7056 -4.1217
-6.6244 28.7056 -4.9460
-6.6244 28.7056 -5.7703
-6.6244 28.1536 -3.2973
-6.6244 28.1536 -4.1217
-6.6244 28.1536 -4.9460
-6.6244 28.1536 -5.7703
-6.6244 28.1536 -6.5947
-6.6244 28.1536 -7.4190
-6.6244 27.6016 -3.2973
-6.6244 27.6016 -4.1217
-6.6244 27.6016 -4.9460
-6.6244 27.6016 -5.7703
-6.6244 27.6016 -6.5947
-6.6244 27.6016 -7.4190
-6.6244 27.6016 -8.2433
-6.6244 27.0495 -3.2973
-6.6244 27.0495 -4.1217
-6.6244 27.0495 -4.9460
-6.6244 27.0495 -5.7703
-6.6244 27.0495 -6.5947
-6.6244 27.0495 -7.4190
-6.6244 27.0495 -8.2433
-6.6244 26.4975 -2.4730
-6.6244 26.4975 -3.2973
-6.6244 26.4975 -4.1217
-6.6244 26.4975 -4.9460
-6.6244 26.4975 -5.7703
-6.6244 26.4975 -6.5947
-6.6244 26.4975 -7.4190
-6.6244 26.4975 -8.2433
-6.6244 26.4975 -9.0677
-6.6244 25.9455 -2.4730
-6.6244 25.9455 -3.2973
-6.6244 25.9455 -4.1217
-6.6244 25.9455 -4.9460
-6.6244 25.9455 -5.7703
-6.6244 25.9455 -6.5947
-6.6244 25.9455 -7.4190
-6.6244 25.9455 -8.2433
-6.6244 25.9455 -9.0677
-6.6244 25.3934 -2.4730
-6.6244 25.3934 -3.2973
-6.6244 25.3934 -4.1217
-6.6244 25.3934 -4.9460
-6.6244 25.3934 -5.7703
-6.6244 25.3934 -6.5947
-6.6244 25.3934 -7.4190
-6.6244 25.3934 -8.2433
-6.6244 25.3934 -9.0677
-6.6244 24.8414 -1.6487
-6.6244 24.8414 -2.4730
-6.6244 24.8414 -3.2973
-6.6244 24.8414 -4.1217
-6.6244 24.8414 -4.9460
-6.6244 24.8414 -5.7703
-6.6244 24.8414 -6.5947
-6.6244 24.8414 -7.4190
-6.6244 24.8414 -8.2433
-6.6244 24.8414 -9.0677
-6.6244 24.2894 -1.6487
-6.6244 24.2894 -2.4730
-6.6244 24.2894 -3.2973
-6.6244 24.2894 -4.1217
-6.6244 24.2894 -4.9460
-6.6244 24.2894 -5.7703
-6.6244 24.2894 -6.5947
-6.6244 24.2894 -7.4190
-6.6244 24.2894 -8.2433
-6.6244 24.2894 -9.0677
-6.6244 24.2894 -9.8920
-6.6244 23.7373 -1.6487
-6.6244 23.7373 -2.4730
-6.6244 23.7373 -3.2973
-6.6244 23.7373 -4.1217
-6.6244 23.7373 -4.9460
-6.6244 23.7373 -5.7703
-6.6244 23.7373 -6.5947
-6.6244 23.7373 -7.4190
-6.6244 23.7373 -8.2433
-6.6244 23.7373 -9.0677
-6.6244 23.7373 -9.8920
-6.6244 23.1853 -1.6487
-6.6244 23.1853 -2.4730
-6.6244 23.1853 -3.2973
-6.6244 23.1853 -4.1217
-6.6244 23.1853 -4.9460
-6.6244 23.1853 -5.7703
-6.6244 23.1853 -6.5947
-6.6244 23.1853 -7.4190
-6.6244 23.1853 -8.2433
-6.6244 23.1853 -9.0677
-6.6244 23.1853 -9.8920
-6.6244 22.6333 -1.6487
-6.6244 22.6333 -2.4730
-6.6244 22.6333 -3.2973
-6.6244 22.6333 -4.1217
-6.6244 22.6333 -4.9460
-6.6244 22.6333 -5.7703
-6.6244 22.6333 -6.5947
-6.6244 22.6333 -7.4190
-6.6244 22.6333 -8.2433
-6.6244 22.6333 -9.0677
-6.6244 22.6333 -9.8920
-6.6244 22.6333 -10.7163
-6.6244 22.6333 -11.5407
-6.6244 22.0812 -1.6487
-6.6244 22.0812 -2.4730
-6.6244 22.0812 -3.2973
-6.6244 22.0812 -4.1217
-6.6244 22.0812 -4.9460
-6.6244 22.0812 -5.7703
-6.6244 22.0812 -6.5947
-6.6244 22.0812 -7.4190
-6.6244 22.0812 -8.2433
-6.6244 22.0812 -9.0677
-6.6244 22.0812 -9.8920
-6.6244 22.0812 -10.7163
-6.6244 22.0812 -11.5407
-6.6244 21.5292 -0.8243
-6.6244 21.5292 -1.6487
-6.6244 21.5292 -2.4730
-6.6244 21.5292 -3.2973
-6.6244 21.5292 -4.1217
-6.6244 21.5292 -4.9460
-6.6244 21.5292 -5.7703
-6.6244 21.5292 -6.5947
-6.6244 21.5292 -7.4190
-6.6244 21.5292 -8.2433
-6.6244 21.5292 -9.0677
-6.6244 21.5292 -9.8920
-6.6244 21.5292 -10.7163
-6.6244 21.5292 -11.5407
-6.6244 20.9772 -0.8243
-6.6244 20.9772 -1.6487
-6.6244 20.9772 -2.4730
-6.6244 20.9772 -3.2973
-6.6244 20.9772 -4.1217
-6.6244 20.9772 -4.9460
-6.6244 20.9772 -5.7703
-6.6244 20.9772 -6.5947
-6.6244 20.9772 -7.4190
-6.6244 20.9772 -8.2433
-6.6244 20.9772 -9.0677
-6.6244 20.9772 -9.8920
-6.6244 20.9772 -10.7163
-6.6244 20.9772 -11.5407
-6.6244 20.4252 -0.8243
-6.6244 20.4252 -1.6487
-6.6244 20.4252 -2.4730
-6.6244 20.4252 -3.2973
-6.6244 20.4252 -4.1217
-6.6244 20.4252 -4.9460
-6.6244 20.4252 -5.7703
-6.6244 20.4252 -6.5947
-6.6244 20.4252 -7.4190
-6.6244 20.4252 -8.2433
-6.6244 20.4252 -9.0677
-6.6244 20.4252 -9.8920
-6.6244 20.4252 -10.7163
-6.6244 20.4252 -11.5407
-6.6244 20.4252 -12.3650
-6.6244 19.8731 -0.8243
-6.6244 19.8731 -1.6487
-6.6244 19.8731 -2.4730
-6.6244 19.8731 -3.2973
-6.6244 19.8731 -4.1217
-6.6244 19.8731 -4.9460
-6.6244 19.8731 -5.7703
-6.6244 19.8731 -6.5947
-6.6244 19.8731 -7.4190
-6.6244 19.8731 -8.2433
-6.6244 19.8731 -9.0677
-6.6244 19.8731 -9.8920
-6.6244 19.8731 -10.7163
-6.6244 19.8731 -11.5407
-6.6244 19.8731 -12.3650
-6.6244 19.3211 -0.8243
-6.6244 19.3211 -1.6487
-6.6244 19.3211 -2.4730
-6.6244 19.3211 -3.2973
-6.6244 19.3211 -4.1217
-6.6244 19.3211 -4.9460
-6.6244 19.3211 -5.7703
-6.6244 19.3211 -6.5947
-6.6244 19.3211 -7.4190
-6.6244 19.3211 -8.2433
-6.6244 19.3211 -9.0677
-6.6244 19.3211 -9.8920
-6.6244 19.3211 -10.7163
-6.6244 19.3211 -11.5407
-6.6244 19.3211 -12.3650
-6.6244 18.7691 -1.6487
-6.6244 18.7691 -2.4730
-6.6244 18.7691 -3.2973
-6.6244 18.7691 -4.1217
-6.6244 18.7691 -4.9460
-6.6244 18.7691 -5.7703
-6.6244 18.7691 -6.5947
-6.6244 18.7691 -7.4190
-6.6244 18.7691 -8.2433
-6.6244 18.7691 -10.7163
-6.6244 18.7691 -11.5407
-6.6244 18.7691 -12.3650
-6.6244 18.2170 -1.6487
-6.6244 18.2170 -2.4730
-6.6244 18.2170 -3.2973
-6.6244 18.2170 -4.1217
-6.6244 18.2170 -4.9460
-6.6244 18.2170 -5.7703
-6.6244 18.2170 -6.5947
-6.6244 18.2170 -12.3650
-6.6244 17.6650 -2.4730
-6.6244 17.6650 -3.2973
-6.6244 17.6650 -4.1217
-6.6244 17.6650 -4.9460
-6.6244 17.1130 -3.2973
-6.6244 17.1130 -4.1217
-6.6244 17.1130 -4.9460
-6.0723 29.2577 -4.9460
-6.0723 29.2577 -5.7703
-6.0723 28.7056 -3.2973
-6.0723 28.7056 -4.1217
-6.0723 28.7056 -4.9460
-6.0723 28.7056 -5.7703
-6.0723 28.1536 -3.2973
-6.0723 28.1536 -4.1217
-6.0723 28.1536 -4.9460
-6.0723 28.1536 -5.7703
-6.0723 28.1536 -6.5947
-6.0723 28.1536 -7.4190
-6.0723 27.6016 -3.2973
-6.0723 27.6016 -4.1217
-6.0723 27.6016 -4.9460
-6.0723 27.6016 -5.7703
-6.0723 27.6016 -6.5947
-6.0723 27.6016 -7.4190
-6.0723 27.6016 -8.2433
-6.0723 27.0495 -3.2973
-6.0723 27.0495 -4.1217
-6.0723 27.0495 -4.9460
-6.0723 27.0495 -5.7703
-6.0723 27.0495 -6.5947
-6.0723 27.0495 -7.4190
-6.0723 27.0495 -8.2433
-6.0723 26.4975 -2.4730
-6.0723 26.4975 -3.2973
-6.0723 26.4975 -4.1217
-6.0723 26.4975 -4.9460
-6.0723 26.4975 -5.7703
-6.0723 26.4975 -6.5947
-6.0723 26.4975 -7.4190
-6.0723 26.4975 -8.2433
-6.0723 26.4975 -9.0677
-6.0723 25.9455 -2.4730
-6.0723 25.9455 -3.2973
-6.0723 25.9455 -4.1217
-6.0723 25.9455 -4.9460
-6.0723 25.9455 -5.7703
-6.0723 25.9455 -6.5947
-6.0723 25.9455 -7.4190
-6.0723 25.9455 -8.2433
-6.0723 25.9455 -9.0677
-6.0723 25.3934 -2.4730
-6.0723 25.3934 -3.2973
-6.0723 25.3934 -4.1217
-6.0723 25.3934 -4.9460
-6.0723 25.3934 -5.7703
-6.0723 25.3934 -6.5947
-6.0723 25.3934 -7.4190
-6.0723 25.3934 -8.2433
-6.0723 25.3934 -9.0677
-6.0723 24.8414 -1.6487
-6.0723 24.8414 -2.4730
-6.0723 24.8414 -3.2973
-6.0723 24.8414 -4.1217
-6.0723 24.8414 -4.9460
-6.0723 24.8414 -5.7703
-6.0723 24.8414 -6.5947
-6.0723 24.8414 -7.4190
-6.0723 24.8414 -8.2433
-6.0723 24.8414 -9.0677
-6.0723 24.2894 -1.6487
-6.0723 24.2894 -2.4730
-6.0723 24.2894 -3.2973
-6.0723 24.2894 -4.1217
-6.0723 24.2894 -4.9460
-6.0723 24.2894 -5.7703
-6.0723 24.2894 -6.5947
-6.0723 24.2894 -7.4190
-6.0723 24.2894 -8.2433
-6.0723 24.2894 -9.0677
-6.0723 24.2894 -9.8920
-6.0723 23.7373 -1.6487
-6.0723 23.7373 -2.4730
-6.0723 23.7373 -3.2973
-6.0723 23.7373 -4.1217
-6.0723 23.7373 -4.9460
-6.0723 23.7373 -5.7703
-6.0723 23.7373 -6.5947
-6.0723 23.7373 -7.4190
-6.0723 23.7373 -8.2433
-6.0723 23.7373 -9.0677
-6.0723 23.7373 -9.8920
-6.0723 23.1853 -1.6487
-6.0723 23.1853 -2.4730
-6.0723 23.1853 -3.2973
-6.0723 23.1853 -4.1217
-6.0723 23.1853 -4.9460
-6.0723 23.1853 -5.7703
-6.0723 23.1853 -6.5947
-6.0723 23.1853 -7.4190
-6.0723 23.1853 -8.2433
-6.0723 23.1853 -9.0677
-6.0723 23.1853 -9.8920
-6.0723 22.6333 -1.6487
-6.0723 22.6333 -2.4730
-6.0723 22.6333 -3.2973
-6.0723 22.6333 -4.1217
-6.0723 22.6333 -4.9460
-6.0723 22.6333 -5.7703
-6.0723 22.6333 -6.5947
-6.0723 22.6333 -7.4190
-6.0723 22.6333 -8.2433
-6.0723 22.6333 -9.0677
-6.0723 22.6333 -9.8920
-6.0723 22.6333 -10.7163
-6.0723 22.6333 -11.5407
-6.0723 22.0812 -0.8243
-6.0723 22.0812 -1.6487
-6.0723 22.0812 -2.4730
-6.0723 22.0812 -3.2973
-6.0723 22.0812 -4.1217
-6.0723 22.0812 -4.9460
-6.0723 22.0812 -5.7703
-6.0723 22.0812 -6.5947
-6.0723 22.0812 -7.4190
-6.0723 22.0812 -8.2433
-6.0723 22.0812 -9.0677
-6.0723 22.0812 -9.8920
-6.0723 22.0812 -10.7163
-6.0723 22.0812 -11.5407
-6.0723 21.5292 -0.8243
-6.0723 21.5292 -1.6487
-6.0723 21.5292 -2.4730
-6.0723 21.5292 -3.2973
-6.0723 21.5292 -4.1217
-6.0723 21.5292 -4.9460
-6.0723 21.5292 -5.7703
-6.0723 21.5292 -6.5947
-6.0723 21.5292 -7.4190
-6.0723 21.5292 -8.2433
-6.0723 21.5292 -9.0677
-6.0723 21.5292 -9.8920
-6.0723 21.5292 -10.7163
-6.0723 21.5292 -11.5407
-6.0723 20.9772 -0.8243
-6.0723 20.9772 -1.6487
-6.0723 20.9772 -2.4730
-6.0723 20.9772 -3.2973
-6.0723 20.9772 -4.1217
-6.0723 20.9772 -4.9460
-6.0723 20.9772 -5.7703
-6.0723 20.9772 -6.5947
-6.0723 20.9772 -7.4190
-6.0723 20.9772 -8.2433
-6.0723 20.9772 -9.0677
-6.0723 20.9772 -9.8920
-6.0723 20.9772 -10.7163
-6.0723 20.9772 -11.5407
-6.0723 20.4252 -0.8243
-6.0723 20.4252 -1.6487
-6.0723 20.4252 -2.4730
-6.0723 20.4252 -3.2973
-6.0723 20.4252 -4.1217
-6.0723 20.4252 -4.9460
-6.0723 20.4252 -5.7703
-6.0723 20.4252 -6.5947
-6.0723 20.4252 -7.4190
-6.0723 20.4252 -8.2433
-6.0723 20.4252 -9.0677
-6.0723 20.4252 -9.8920
-6.0723 20.4252 -10.7163
-6.0723 20.4252 -11.5407
-6.0723 20.4252 -12.3650
-6.0723 19.8731 -0.8243
-6.0723 19.8731 -1.6487
-6.0723 19.8731 -2.4730
-6.0723 19.8731 -3.2973
-6.0723 19.8731 -4.1217
-6.0723 19.8731 -4.9460
-6.0723 19.8731 -5.7703
-6.0723 19.8731 -6.5947
-6.0723 19.8731 -7.4190
-6.0723 19.8731 -8.2433
-6.0723 19.8731 -9.0677
-6.0723 19.8731 -9.8920
-6.0723 19.8731 -10.7163
-6.0723 19.8731 -11.5407
-6.0723 19.8731 -12.3650
-6.0723 19.3211 -1.6487
-6.0723 19.3211 -2.4730
-6.0723 19.3211 -3.2973
-6.0723 19.3211 -4.1217
-6.0723 19.3211 -4.9460
-6.0723 19.3211 -5.7703
-6.0723 19.3211 -6.5947
-6.0723 19.3211 -7.4190
-6.0723 19.3211 -8.2433
-6.0723 19.3211 -9.0677
-6.0723 19.3211 -9.8920
-6.0723 19.3211 -10.7163
-6.0723 19.3211 -11.5407
-6.0723 19.3211 -12.3650
-6.0723 18.7691 -1.6487
-6.0723 18.7691 -2.4730
-6.0723 18.7691 -3.2973
-6.0723 18.7691 -4.1217
-6.0723 18.7691 -4.9460
-6.0723 18.7691 -5.7703
-6.0723 18.7691 -6.5947
-6.0723 18.2170 -2.4730
-6.0723 18.2170 -3.2973
-6.0723 18.2170 -4.1217
-6.0723 18.2170 -4.9460
-6.0723 17.6650 -2.4730
-6.0723 17.6650 -3.2973
-6.0723 17.6650 -4.1217
-6.0723 17.6650 -4.9460
-5.5203 29.2577 -4.1217
-5.5203 29.2577 -4.9460
-5.5203 28.7056 -4.1217
-5.5203 28.7056 -4.9460
-5.5203 28.7056 -5.7703
-5.5203 28.1536 -3.2973
-5.5203 28.1536 -4.1217
-5.5203 28.1536 -4.9460
-5.5203 28.1536 -5.7703
-5.5203 28.1536 -6.5947
-5.5203 28.1536 -7.4190
-5.5203 27.6016 -3.2973
-5.5203 27.6016 -4.1217
-5.5203 27.6016 -4.9460
-5.5203 27.6016 -5.7703
-5.5203 27.6016 -6.5947
-5.5203 27.6016 -7.4190
-5.5203 27.6016 -8.2433
-5.5203 27.0495 -3.2973
-5.5203 27.0495 -4.1217
-5.5203 27.0495 -4.9460
-5.5203 27.0495 -5.7703
-5.5203 27.0495 -6.5947
-5.5203 27.0495 -7.4190
-5.5203 27.0495 -8.2433
-5.5203 26.4975 -2.4730
-5.5203 26.4975 -3.2973
-5.5203 26.4975 -4.1217
-5.5203 26.4975 -4.9460
-5.5203 26.4975 -5.7703
-5.5203 26.4975 -6.5947
-5.5203 26.4975 -7.4190
-5.5203 26.4975 -8.2433
-5.5203 25.9455 -2.4730
-5.5203 25.9455 -3.2973
-5.5203 25.9455 -4.1217
-5.5203 25.9455 -4.9460
-5.5203 25.9455 -5.7703
-5.5203 25.9455 -6.5947
-5.5203 25.9455 -7.4190
-5.5203 25.9455 -8.2433
-5.5203 25.9455 -9.0677
-5.5203 25.3934 -2.4730
-5.5203 25.3934 -3.2973
-5.5203 25.3934 -4.1217
-5.5203 25.3934 -4.9460
-5.5203 25.3934 -5.7703
-5.5203 25.3934 -6.5947
-5.5203 25.3934 -7.4190
-5.5203 25.3934 -8.2433
-5.5203 25.3934 -9.0677
-5.5203 24.8414 -1.6487
-5.5203 24.8414 -2.4730
-5.5203 24.8414 -3.2973
-5.5203 24.8414 -4.1217
-5.5203 24.8414 -4.9460
-5.5203 24.8414 -5.7703
-5.5203 24.8414 -6.5947
-5.5203 24.8414 -7.4190
-5.5203 24.8414 -8.2433
-5.5203 24.8414 -9.0677
-5.5203 24.8414 -9.8920
-5.5203 24.2894 -1.6487
-5.5203 24.2894 -2.4730
-5.5203 24.2894 -3.2973
-5.5203 24.2894 -4.1217
-5.5203 24.2894 -4.9460
-5.5203 24.2894 -5.7703
-5.5203 24.2894 -6.5947
-5.5203 24.2894 -7.4190
-5.5203 24.2894 -8.2433
-5.5203 24.2894 -9.0677
-5.5203 24.2894 -9.8920
-5.5203 23.7373 -1.6487
-5.5203 23.7373 -2.4730
-5.5203 23.7373 -3.2973
-5.5203 23.7373 -4.1217
-5.5203 23.7373 -4.9460
-5.5203 23.7373 -5.7703
-5.5203 23.7373 -6.5947
-5.5203 23.7373 -7.4190
-5.5203 23.7373 -8.2433
-5.5203 23.7373 -9.0677
-5.5203 23.7373 -9.8920
-5.5203 23.1853 -0.8243
-5.5203 23.1853 -1.6487
-5.5203 23.1853 -2.4730
-5.5203 23.1853 -3.2973
-5.5203 23.1853 -4.1217
-5.5203 23.1853 -4.9460
-5.5203 23.1853 -5.7703
-5.5203 23.1853 -6.5947
-5.5203 23.1853 -7.4190
-5.5203 23.1853 -8.2433
-5.5203 23.1853 -9.0677
-5.5203 23.1853 -9.8920
-5.5203 22.6333 -0.8243
-5.5203 22.6333 -1.6487
-5.5203 22.6333 -2.4730
-5.5203 22.6333 -3.2973
-5.5203 22.6333 -4.1217
-5.5203 22.6333 -4.9460
-5.5203 22.6333 -5.7703
-5.5203 22.6333 -6.5947
-5.5203 22.6333 -7.4190
-5.5203 22.6333 -8.2433
-5.5203 22.6333 -9.0677
-5.5203 22.6333 -9.8920
-5.5203 22.6333 -10.7163
-5.5203 22.6333 -11.5407
-5.5203 22.0812 -0.8243
-5.5203 22.0812 -1.6487
-5.5203 22.0812 -2.4730
-5.5203 22.0812 -3.2973
-5.5203 22.0812 -4.1217
-5.5203 22.0812 -4.9460
-5.5203 22.0812 -5.7703
-5.5203 22.0812 -6.5947
-5.5203 22.0812 -7.4190
-5.5203 22.0812 -8.2433
-5.5203 22.0812 -9.0677
-5.5203 22.0812 -9.8920
-5.5203 22.0812 -10.7163
-5.5203 22.0812 -11.5407
-5.5203 21.5292 -0.8243
-5.5203 21.5292 -1.6487
-5.5203 21.5292 -2.4730
-5.5203 21.5292 -3.2973
-5.5203 21.5292 -4.1217
-5.5203 21.5292 -4.9460
-5.5203 21.5292 -5.7703
-5.5203 21.5292 -6.5947
-5.5203 21.5292 -7.4190
-5.5203 21.5292 -8.2433
-5.5203 21.5292 -9.0677
-5.5203 21.5292 -9.8920
-5.5203 21.5292 -10.7163
-5.5203 21.5292 -11.5407
-5.5203 20.9772 0.0000
-5.5203 20.9772 -0.8243
-5.5203 20.9772 -1.6487
-5.5203 20.9772 -2.4730
-5.5203 20.9772 -3.2973
-5.5203 20.9772 -4.1217
-5.5203 20.9772 -4.9460
-5.5203 20.9772 -5.7703
-5.5203 20.9772 -6.5947
-5.5203 20.9772 -7.4190
-5.5203 20.9772 -8.2433
-5.5203 20.9772 -9.0677
-5.5203 20.9772 -9.8920
-5.5203 20.9772 -10.7163
-5.5203 20.9772 -11.5407
-5.5203 20.9772 -12.3650
-5.5203 20.4252 0.0000
-5.5203 20.4252 -0.8243
-5.5203 20.4252 -1.6487
-5.5203 20.4252 -2.4730
-5.5203 20.4252 -3.2973
-5.5203 20.4252 -4.1217
-5.5203 20.4252 -4.9460
-5.5203 20.4252 -5.7703
-5.5203 20.4252 -6.5947
-5.5203 20.4252 -7.4190
-5.5203 20.4252 -8.2433
-5.5203 20.4252 -9.0677
-5.5203 20.4252 -9.8920
-5.5203 20.4252 -10.7163
-5.5203 20.4252 -11.5407
-5.5203 20.4252 -12.3650
-5.5203 19.8731 0.0000
-5.5203 19.8731 -0.8243
-5.5203 19.8731 -1.6487
-5.5203 19.8731 -2.4730
-5.5203 19.8731 -3.2973
-5.5203 19.8731 -4.1217
-5.5203 19.8731 -4.9460
-5.5203 19.8731 -5.7703
-5.5203 19.8731 -6.5947
-5.5203 19.8731 -7.4190
-5.5203 19.8731 -8.2433
-5.5203 19.8731 -9.0677
-5.5203 19.8731 -9.8920
-5.5203 19.8731 -10.7163
-5.5203 19.8731 -11.5407
-5.5203 19.8731 -12.3650
-5.5203 19.3211 -1.6487
-5.5203 19.3211 -2.4730
-5.5203 19.3211 -3.2973
-5.5203 19.3211 -4.1217
-5.5203 19.3211 -4.9460
-5.5203 19.3211 -5.7703
-5.5203 19.3211 -6.5947
-5.5203 18.7691 -2.4730
-5.5203 18.7691 -3.2973
-5.5203 18.7691 -4.1217
-5.5203 18.7691 -4.9460
-5.5203 18.7691 -5.7703
-5.5203 18.2170 -4.1217
-5.5203 18.2170 -4.9460
-4.9683 28.7056 -4.1217
-4.9683 28.7056 -4.9460
-4.9683 28.7056 -5.7703
-4.9683 28.7056 -6.5947
-4.9683 28.1536 -3.2973
-4.9683 28.1536 -4.1217
-4.9683 28.1536 -4.9460
-4.9683 28.1536 -5.7703
-4.9683 28.1536 -6.5947
-4.9683 27.6016 -3.2973
-4.9683 27.6016 -4.1217
-4.9683 27.6016 -4.9460
-4.9683 27.6016 -5.7703
-4.9683 27.6016 -6.5947
-4.9683 27.6016 -7.4190
-4.9683 27.6016 -8.2433
-4.9683 27.0495 -2.4730
-4.9683 27.0495 -3.2973
-4.9683 27.0495 -4.1217
-4.9683 27.0495 -4.9460
-4.9683 27.0495 -5.7703
-4.9683 27.0495 -6.5947
-4.9683 27.0495 -7.4190
-4.9683 27.0495 -8.2433
-4.9683 26.4975 -2.4730
-4.9683 26.4975 -3.2973
-4.9683 26.4975 -4.1217
-4.9683 26.4975 -4.9460
-4.9683 26.4975 -5.7703
-4.9683 26.4975 -6.5947
-4.9683 26.4975 -7.4190
-4.9683 26.4975 -8.2433
-4.9683 25.9455 -2.4730
-4.9683 25.9455 -3.2973
-4.9683 25.9455 -4.1217
-4.9683 25.9455 -4.9460
-4.9683 25.9455 -5.7703
-4.9683 25.9455 -6.5947
-4.9683 25.9455 -7.4190
-4.9683 25.9455 -8.2433
-4.9683 25.9455 -9.0677
-4.9683 25.3934 -1.6487
-4.9683 25.3934 -2.4730
-4.9683 25.3934 -3.2973
-4.9683 25.3934 -4.1217
-4.9683 25.3934 -4.9460
-4.9683 25.3934 -5.7703
-4.9683 25.3934 -6.5947
-4.9683 25.3934 -7.4190
-4.9683 25.3934 -8.2433
-4.9683 25.3934 -9.0677
-4.9683 24.8414 -1.6487
-4.9683 24.8414 -2.4730
-4.9683 24.8414 -3.2973
-4.9683 24.8414 -4.1217
-4.9683 24.8414 -4.9460
-4.9683 24.8414 -5.7703
-4.9683 24.8414 -6.5947
-4.9683 24.8414 -7.4190
-4.9683 24.8414 -8.2433
-4.9683 24.8414 -9.0677
-4.9683 24.8414 -9.8920
-4.9683 24.2894 -1.6487
-4.9683 24.2894 -2.4730
-4.9683 24.2894 -3.2973
-4.9683 24.2894 -4.1217
-4.9683 24.2894 -4.9460
-4.9683 24.2894 -5.7703
-4.9683 24.2894 -6.5947
-4.9683 24.2894 -7.4190
-4.9683 24.2894 -8.2433
-4.9683 24.2894 -9.0677
-4.9683 24.2894 -9.8920
-4.9683 23.7373 -1.6487
-4.9683 23.7373 -2.4730
-4.9683 23.7373 -3.2973
-4.9683 23.7373 -4.1217
-4.9683 23.7373 -4.9460
-4.9683 23.7373 -5.7703
-4.9683 23.7373 -6.5947
-4.9683 23.7373 -7.4190
-4.9683 23.7373 -8.2433
-4.9683 23.7373 -9.0677
-4.9683 23.7373 -9.8920
-4.9683 23.1853 -0.8243
-4.9683 23.1853 -1.6487
-4.9683 23.1853 -2.4730
-4.9683 23.1853 -3.2973
-4.9683 23.1853 -4.1217
-4.9683 23.1853 -4.9460
-4.9683 23.1853 -5.7703
-4.9683 23.1853 -6.5947
-4.9683 23.1853 -7.4190
-4.9683 23.1853 -8.2433
-4.9683 23.1853 -9.0677
-4.9683 23.1853 -9.8920
-4.9683 22.6333 -0.8243
-4.9683 22.6333 -1.6487
-4.9683 22.6333 -2.4730
-4.9683 22.6333 -3.2973
-4.9683 22.6333 -4.1217
-4.9683 22.6333 -4.9460
-4.9683 22.6333 -5.7703
-4.9683 22.6333 -6.5947
-4.9683 22.6333 -7.4190
-4.9683 22.6333 -8.2433
-4.9683 22.6333 -9.0677
-4.9683 22.6333 -9.8920
-4.9683 22.6333 -10.7163
-4.9683 22.0812 -0.8243
-4.9683 22.0812 -1.6487
-4.9683 22.0812 -2.4730
-4.9683 22.0812 -3.2973
-4.9683 22.0812 -4.1217
-4.9683 22.0812 -4.9460
-4.9683 22.0812 -5.7703
-4.9683 22.0812 -6.5947
-4.9683 22.0812 -7.4190
-4.9683 22.0812 -8.2433
-4.9683 22.0812 -9.0677
-4.9683 22.0812 -9.8920
-4.9683 22.0812 -10.7163
-4.9683 22.0812 -11.5407
-4.9683 21.5292 -0.8243
-4.9683 21.5292 -1.6487
-4.9683 21.5292 -2.4730
-4.9683 21.5292 -3.2973
-4.9683 21.5292 -4.1217
-4.9683 21.5292 -4.9460
-4.9683 21.5292 -5.7703
-4.9683 21.5292 -6.5947
-4.9683 21.5292 -7.4190
-4.9683 21.5292 -8.2433
-4.9683 21.5292 -9.0677
-4.9683 21.5292 -9.8920
-4.9683 21.5292 -10.7163
-4.9683 21.5292 -11.5407
-4.9683 20.9772 0.0000
-4.9683 20.9772 -0.8243
-4.9683 20.9772 -1.6487
-4.9683 20.9772 -2.4730
-4.9683 20.9772 -3.2973
-4.9683 20.9772 -4.1217
-4.9683 20.9772 -4.9460
-4.9683 20.9772 -5.7703
-4.9683 20.9772 -6.5947
-4.9683 20.9772 -7.4190
-4.9683 20.9772 -8.2433
-4.9683 20.9772 -9.0677
-4.9683 20.9772 -9.8920
-4.9683 20.9772 -10.7163
-4.9683 20.9772 -11.5407
-4.9683 20.9772 -12.3650
-4.9683 20.4252 0.0000
-4.9683 20.4252 -0.8243
-4.9683 20.4252 -1.6487
-4.9683 20.4252 -2.4730
-4.9683 20.4252 -3.2973
-4.9683 20.4252 -4.1217
-4.9683 20.4252 -4.9460
-4.9683 20.4252 -5.7703
-4.9683 20.4252 -6.5947
-4.9683 20.4252 -7.4190
-4.9683 20.4252 -8.2433
-4.9683 20.4252 -9.0677
-4.9683 20.4252 -9.8920
-4.9683 20.4252 -10.7163
-4.9683 20.4252 -11.5407
-4.9683 20.4252 -12.3650
-4.9683 19.8731 -1.6487
-4.9683 19.8731 -2.4730
-4.9683 19.8731 -3.2973
-4.9683 19.8731 -4.1217
-4.9683 19.8731 -4.9460
-4.9683 19.8731 -5.7703
-4.9683 19.8731 -6.5947
-4.9683 19.8731 -7.4190
-4.9683 19.8731 -11.5407
-4.9683 19.8731 -12.3650
-4.9683 19.3211 -2.4730
-4.9683 19.3211 -3.2973
-4.9683 19.3211 -4.1217
-4.9683 19.3211 -4.9460
-4.9683 19.3211 -5.7703
-4.9683 19.3211 -6.5947
-4.9683 18.7691 -4.1217
-4.9683 18.7691 -4.9460
-4.9683 18.2170 -4.9460
-4.4162 28.7056 -4.1217
-4.4162 28.7056 -4.9460
-4.4162 28.7056 -5.7703
-4.4162 28.7056 -6.5947
-4.4162 28.1536 -3.2973
-4.4162 28.1536 -4.1217
-4.4162 28.1536 -4.9460
-4.4162 28.1536 -5.7703
-4.4162 28.1536 -6.5947
-4.4162 27.6016 -3.2973
-4.4162 27.6016 -4.1217
-4.4162 27.6016 -4.9460
-4.4162 27.6016 -5.7703
-4.4162 27.6016 -6.5947
-4.4162 27.6016 -7.4190
-4.4162 27.6016 -8.2433
-4.4162 27.0495 -2.4730
-4.4162 27.0495 -3.2973
-4.4162 27.0495 -4.1217
-4.4162 27.0495 -4.9460
-4.4162 27.0495 -5.7703
-4.4162 27.0495 -6.5947
-4.4162 27.0495 -7.4190
-4.4162 27.0495 -8.2433
-4.4162 26.4975 -2.4730
-4.4162 26.4975 -3.2973
-4.4162 26.4975 -4.1217
-4.4162 26.4975 -4.9460
-4.4162 26.4975 -5.7703
-4.4162 26.4975 -6.5947
-4.4162 26.4975 -7.4190
-4.4162 26.4975 -8.2433
-4.4162 25.9455 -2.4730
-4.4162 25.9455 -3.2973
-4.4162 25.9455 -4.1217
-4.4162 25.9455 -4.9460
-4.4162 25.9455 -5.7703
-4.4162 25.9455 -6.5947
-4.4162 25.9455 -7.4190
-4.4162 25.9455 -8.2433
-4.4162 25.9455 -9.0677
-4.4162 25.3934 -1.6487
-4.4162 25.3934 -2.4730
-4.4162 25.3934 -3.2973
-4.4162 25.3934 -4.1217
-4.4162 25.3934 -4.9460
-4.4162 25.3934 -5.7703
-4.4162 25.3934 -6.5947
-4.4162 25.3934 -7.4190
-4.4162 25.3934 -8.2433
-4.4162 25.3934 -9.0677
-4.4162 24.8414 -1.6487
-4.4162 24.8414 -2.4730
-4.4162 24.8414 -3.2973
-4.4162 24.8414 -4.1217
-4.4162 24.8414 -4.9460
-4.4162 24.8414 -5.7703
-4.4162 24.8414 -6.5947
-4.4162 24.8414 -7.4190
-4.4162 24.8414 -8.2433
-4.4162 24.8414 -9.0677
-4.4162 24.8414 -9.8920
-4.4162 24.2894 -0.8243
-4.4162 24.2894 -1.6487
-4.4162 24.2894 -2.4730
-4.4162 24.2894 -3.2973
-4.4162 24.2894 -4.1217
-4.4162 24.2894 -4.9460
-4.4162 24.2894 -5.7703
-4.4162 24.2894 -6.5947
-4.4162 24.2894 -7.4190
-4.4162 24.2894 -8.2433
-4.4162 24.2894 -9.0677
-4.4162 24.2894 -9.8920
-4.4162 23.7373 -0.8243
-4.4162 23.7373 -1.6487
-4.4162 23.7373 -2.4730
-4.4162 23.7373 -3.2973
-4.4162 23.7373 -4.1217
-4.4162 23.7373 -4.9460
-4.4162 23.7373 -5.7703
-4.4162 23.7373 -6.5947
-4.4162 23.7373 -7.4190
-4.4162 23.7373 -8.2433
-4.4162 23.7373 -9.0677
-4.4162 23.7373 -9.8920
-4.4162 23.1853 -0.8243
-4.4162 23.1853 -1.6487
-4.4162 23.1853 -2.4730
-4.4162 23.1853 -3.2973
-4.4162 23.1853 -4.1217
-4.4162 23.1853 -4.9460
-4.4162 23.1853 -5.7703
-4.4162 23.1853 -6.5947
-4.4162 23.1853 -7.4190
-4.4162 23.1853 -8.2433
-4.4162 23.1853 -9.0677
-4.4162 23.1853 -9.8920
-4.4162 22.6333 -0.8243
-4.4162 22.6333 -1.6487
-4.4162 22.6333 -2.4730
-4.4162 22.6333 -3.2973
-4.4162 22.6333 -4.1217
-4.4162 22.6333 -4.9460
-4.4162 22.6333 -5.7703
-4.4162 22.6333 -6.5947
-4.4162 22.6333 -7.4190
-4.4162 22.6333 -8.2433
-4.4162 22.6333 -9.0677
-4.4162 22.6333 -9.8920
-4.4162 22.6333 -10.7163
-4.4162 22.0812 -0.8243
-4.4162 22.0812 -1.6487
-4.4162 22.0812 -2.4730
-4.4162 22.0812 -3.2973
-4.4162 22.0812 -4.1217
-4.4162 22.0812 -4.9460
-4.4162 22.0812 -5.7703
-4.4162 22.0812 -6.5947
-4.4162 22.0812 -7.4190
-4.4162 22.0812 -8.2433
-4.4162 22.0812 -9.0677
-4.4162 22.0812 -9.8920
-4.4162 22.0812 -10.7163
-4.4162 21.5292 -0.8243
-4.4162 21.5292 -1.6487
-4.4162 21.5292 -2.4730
-4.4162 21.5292 -3.2973
-4.4162 21.5292 -4.1217
-4.4162 21.5292 -4.9460
-4.4162 21.5292 -5.7703
-4.4162 21.5292 -6.5947
-4.4162 21.5292 -7.4190
-4.4162 21.5292 -8.2433
-4.4162 21.5292 -9.0677
-4.4162 21.5292 -9.8920
-4.4162 21.5292 -10.7163
-4.4162 21.5292 -11.5407
-4.4162 20.9772 0.0000
-4.4162 20.9772 -0.8243
-4.4162 20.9772 -1.6487
-4.4162 20.9772 -2.4730
-4.4162 20.9772 -3.2973
-4.4162 20.9772 -4.1217
-4.4162 20.9772 -4.9460
-4.4162 20.9772 -5.7703
-4.4162 20.9772 -6.5947
-4.4162 20.9772 -7.4190
-4.4162 20.9772 -8.2433
-4.4162 20.9772 -9.0677
-4.4162 20.9772 -9.8920
-4.4162 20.9772 -10.7163
-4.4162 20.9772 -11.5407
-4.4162 20.9772 -12.3650
-4.4162 20.4252 -2.4730
-4.4162 20.4252 -3.2973
-4.4162 20.4252 -4.1217
-4.4162 20.4252 -4.9460
-4.4162 20.4252 -5.7703
-4.4162 20.4252 -6.5947
-4.4162 20.4252 -7.4190
-4.4162 20.4252 -8.2433
-4.4162 20.4252 -9.0677
-4.4162 20.4252 -11.5407
-4.4162 20.4252 -12.3650
-4.4162 19.8731 -2.4730
-4.4162 19.8731 -3.2973
-4.4162 19.8731 -4.1217
-4.4162 19.8731 -4.9460
-4.4162 19.8731 -5.7703
-4.4162 19.8731 -6.5947
-4.4162 19.3211 -4.1217
-4.4162 19.3211 -4.9460
-4.4162 19.3211 -5.7703
-4.4162 18.7691 -4.9460
-3.8642 28.1536 -3.2973
-3.8642 28.1536 -4.1217
-3.8642 28.1536 -4.9460
-3.8642 28.1536 -5.7703
-3.8642 28.1536 -6.5947
-3.8642 27.6016 -3.2973
-3.8642 27.6016 -4.1217
-3.8642 27.6016 -4.9460
-3.8642 27.6016 -5.7703
-3.8642 27.6016 -6.5947
-3.8642 27.6016 -7.4190
-3.8642 27.0495 -2.4730
-3.8642 27.0495 -3.2973
-3.8642 27.0495 -4.1217
-3.8642 27.0495 -4.9460
-3.8642 27.0495 -5.7703
-3.8642 27.0495 -6.5947
-3.8642 27.0495 -7.4190
-3.8642 27.0495 -8.2433
-3.8642 26.4975 -2.4730
-3.8642 26.4975 -3.2973
-3.8642 26.4975 -4.1217
-3.8642 26.4975 -4.9460
-3.8642 26.4975 -5.7703
-3.8642 26.4975 -6.5947
-3.8642 26.4975 -7.4190
-3.8642 26.4975 -8.2433
-3.8642 26.4975 -9.0677
-3.8642 25.9455 -1.6487
-3.8642 25.9455 -2.4730
-3.8642 25.9455 -3.2973
-3.8642 25.9455 -4.1217
-3.8642 25.9455 -4.9460
-3.8642 25.9455 -5.7703
-3.8642 25.9455 -6.5947
-3.8642 25.9455 -7.4190
-3.8642 25.9455 -8.2433
-3.8642 25.9455 -9.0677
-3.8642 25.3934 -1.6487
-3.8642 25.3934 -2.4730
-3.8642 25.3934 -3.2973
-3.8642 25.3934 -4.1217
-3.8642 25.3934 -4.9460
-3.8642 25.3934 -5.7703
-3.8642 25.3934 -6.5947
-3.8642 25.3934 -7.4190
-3.8642 25.3934 -8.2433
-3.8642 25.3934 -9.0677
-3.8642 24.8414 -1.6487
-3.8642 24.8414 -2.4730
-3.8642 24.8414 -3.2973
-3.8642 24.8414 -4.1217
-3.8642 24.8414 -4.9460
-3.8642 24.8414 -5.7703
-3.8642 24.8414 -6.5947
-3.8642 24.8414 -7.4190
-3.8642 24.8414 -8.2433
-3.8642 24.8414 -9.0677
-3.8642 24.2894 -0.8243
-3.8642 24.2894 -1.6487
-3.8642 24.2894 -2.4730
-3.8642 24.2894 -3.2973
-3.8642 24.2894 -4.1217
-3.8642 24.2894 -4.9460
-3.8642 24.2894 -5.7703
-3.8642 24.2894 -6.5947
-3.8642 24.2894 -7.4190
-3.8642 24.2894 -8.2433
-3.8642 24.2894 -9.0677
-3.8642 23.7373 -0.8243
-3.8642 23.7373 -1.6487
-3.8642 23.7373 -2.4730
-3.8642 23.7373 -3.2973
-3.8642 23.7373 -4.1217
-3.8642 23.7373 -4.9460
-3.8642 23.7373 -5.7703
-3.8642 23.7373 -6.5947
-3.8642 23.7373 -7.4190
-3.8642 23.7373 -8.2433
-3.8642 23.7373 -9.0677
-3.8642 23.7373 -9.8920
-3.8642 23.1853 -0.8243
-3.8642 23.1853 -1.6487
-3.8642 23.1853 -2.4730
-3.8642 23.1853 -3.2973
-3.8642 23.1853 -4.1217
-3.8642 23.1853 -4.9460
-3.8642 23.1853 -5.7703
-3.8642 23.1853 -6.5947
-3.8642 23.1853 -7.4190
-3.8642 23.1853 -8.2433
-3.8642 23.1853 -9.0677
-3.8642 23.1853 -9.8920
-3.8642 22.6333 -0.8243
-3.8642 22.6333 -1.6487
-3.8642 22.6333 -2.4730
-3.8642 22.6333 -3.2973
-3.8642 22.6333 -4.1217
-3.8642 22.6333 -4.9460
-3.8642 22.6333 -5.7703
-3.8642 22.6333 -6.5947
-3.8642 22.6333 -7.4190
-3.8642 22.6333 -8.2433
-3.8642 22.6333 -9.0677
-3.8642 22.6333 -9.8920
-3.8642 22.6333 -10.7163
-3.8642 22.0812 -0.8243
-3.8642 22.0812 -1.6487
-3.8642 22.0812 -2.4730
-3.8642 22.0812 -3.2973
-3.8642 22.0812 -4.1217
-3.8642 22.0812 -4.9460
-3.8642 22.0812 -5.7703
-3.8642 22.0812 -6.5947
-3.8642 22.0812 -7.4190
-3.8642 22.0812 -8.2433
-3.8642 22.0812 -9.0677
-3.8642 22.0812 -9.8920
-3.8642 22.0812 -10.7163
-3.8642 21.5292 -0.8243
-3.8642 21.5292 -1.6487
-3.8642 21.5292 -2.4730
-3.8642 21.5292 -3.2973
-3.8642 21.5292 -4.1217
-3.8642 21.5292 -4.9460
-3.8642 21.5292 -5.7703
-3.8642 21.5292 -6.5947
-3.8642 21.5292 -7.4190
-3.8642 21.5292 -8.2433
-3.8642 21.5292 -9.0677
-3.8642 21.5292 -9.8920
-3.8642 21.5292 -10.7163
-3.8642 20.9772 -2.4730
-3.8642 20.9772 -3.2973
-3.8642 20.9772 -4.1217
-3.8642 20.9772 -4.9460
-3.8642 20.9772 -5.7703
-3.8642 20.9772 -6.5947
-3.8642 20.9772 -7.4190
-3.8642 20.9772 -8.2433
-3.8642 20.9772 -9.0677
-3.8642 20.9772 -9.8920
-3.8642 20.9772 -10.7163
-3.8642 20.4252 -3.2973
-3.8642 20.4252 -4.1217
-3.8642 20.4252 -4.9460
-3.8642 20.4252 -5.7703
-3.8642 20.4252 -6.5947
-3.8642 20.4252 -7.4190
-3.8642 19.8731 -4.1217
-3.8642 19.8731 -4.9460
-3.8642 19.8731 -5.7703
-3.8642 19.8731 -6.5947
-3.8642 19.3211 -4.9460
-3.8642 18.7691 -4.9460
-3.3122 28.1536 -4.9460
-3.3122 27.6016 -3.2973
-3.3122 27.6016 -4.1217
-3.3122 27.6016 -4.9460
-3.3122 27.6016 -5.7703
-3.3122 27.6016 -6.5947
-3.3122 27.6016 -7.4190
-3.3122 27.0495 -2.4730
-3.3122 27.0495 -3.2973
-3.3122 27.0495 -4.1217
-3.3122 27.0495 -4.9460
-3.3122 27.0495 -5.7703
-3.3122 27.0495 -6.5947
-3.3122 27.0495 -7.4190
-3.3122 27.0495 -8.2433
-3.3122 26.4975 -2.4730
-3.3122 26.4975 -3.2973
-3.3122 26.4975 -4.1217
-3.3122 26.4975 -4.9460
-3.3122 26.4975 -5.7703
-3.3122 26.4975 -6.5947
-3.3122 26.4975 -7.4190
-3.3122 26.4975 -8.2433
-3.3122 26.4975 -9.0677
-3.3122 25.9455 -1.6487
-3.3122 25.9455 -2.4730
-3.3122 25.9455 -3.2973
-3.3122 25.9455 -4.1217
-3.3122 25.9455 -4.9460
-3.3122 25.9455 -5.7703
-3.3122 25.9455 -6.5947
-3.3122 25.9455 -7.4190
-3.3122 25.9455 -8.2433
-3.3122 25.9455 -9.0677
-3.3122 25.3934 -1.6487
-3.3122 25.3934 -2.4730
-3.3122 25.3934 -3.2973
-3.3122 25.3934 -4.1217
-3.3122 25.3934 -4.9460
-3.3122 25.3934 -5.7703
-3.3122 25.3934 -6.5947
-3.3122 25.3934 -7.4190
-3.3122 25.3934 -8.2433
-3.3122 25.3934 -9.0677
-3.3122 24.8414 -0.8243
-3.3122 24.8414 -1.6487
-3.3122 24.8414 -2.4730
-3.3122 24.8414 -3.2973
-3.3122 24.8414 -4.1217
-3.3122 24.8414 -4.9460
-3.3122 24.8414 -5.7703
-3.3122 24.8414 -6.5947
-3.3122 24.8414 -7.4190
-3.3122 24.8414 -8.2433
-3.3122 24.8414 -9.0677
-3.3122 24.2894 -0.8243
-3.3122 24.2894 -1.6487
-3.3122 24.2894 -2.4730
-3.3122 24.2894 -3.2973
-3.3122 24.2894 -4.1217
-3.3122 24.2894 -4.9460
-3.3122 24.2894 -5.7703
-3.3122 24.2894 -6.5947
-3.3122 24.2894 -7.4190
-3.3122 24.2894 -8.2433
-3.3122 24.2894 -9.0677
-3.3122 23.7373 -0.8243
-3.3122 23.7373 -1.6487
-3.3122 23.7373 -2.4730
-3.3122 23.7373 -3.2973
-3.3122 23.7373 -4.1217
-3.3122 23.7373 -4.9460
-3.3122 23.7373 -5.7703
-3.3122 23.7373 -6.5947
-3.3122 23.7373 -7.4190
-3.3122 23.7373 -8.2433
-3.3122 23.7373 -9.0677
-3.3122 23.7373 -9.8920
-3.3122 23.1853 -0.8243
-3.3122 23.1853 -1.6487
-3.3122 23.1853 -2.4730
-3.3122 23.1853 -3.2973
-3.3122 23.1853 -4.1217
-3.3122 23.1853 -4.9460
-3.3122 23.1853 -5.7703
-3.3122 23.1853 -6.5947
-3.3122 23.1853 -7.4190
-3.3122 23.1853 -8.2433
-3.3122 23.1853 -9.0677
-3.3122 23.1853 -9.8920
-3.3122 22.6333 -0.8243
-3.3122 22.6333 -1.6487
-3.3122 22.6333 -2.4730
-3.3122 22.6333 -3.2973
-3.3122 22.6333 -4.1217
-3.3122 22.6333 -4.9460
-3.3122 22.6333 -5.7703
-3.3122 22.6333 -6.5947
-3.3122 22.6333 -7.4190
-3.3122 22.6333 -8.2433
-3.3122 22.6333 -9.0677
-3.3122 22.6333 -9.8920
-3.3122 22.0812 -1.6487
-3.3122 22.0812 -2.4730
-3.3122 22.0812 -3.2973
-3.3122 22.0812 -4.1217
-3.3122 22.0812 -4.9460
-3.3122 22.0812 -5.7703
-3.3122 22.0812 -6.5947
-3.3122 22.0812 -7.4190
-3.3122 22.0812 -8.2433
-3.3122 22.0812 -9.0677
-3.3122 22.0812 -9.8920
-3.3122 22.0812 -10.7163
-3.3122 21.5292 -2.4730
-3.3122 21.5292 -3.2973
-3.3122 21.5292 -4.1217
-3.3122 21.5292 -4.9460
-3.3122 21.5292 -5.7703
-3.3122 21.5292 -6.5947
-3.3122 21.5292 -7.4190
-3.3122 21.5292 -8.2433
-3.3122 21.5292 -9.0677
-3.3122 21.5292 -9.8920
-3.3122 21.5292 -10.7163
-3.3122 20.9772 -3.2973
-3.3122 20.9772 -4.1217
-3.3122 20.9772 -4.9460
-3.3122 20.9772 -5.7703
-3.3122 20.9772 -6.5947
-3.3122 20.9772 -7.4190
-3.3122 20.4252 -4.1217
-3.3122 20.4252 -4.9460
-3.3122 20.4252 -5.7703
-3.3122 20.4252 -6.5947
-3.3122 19.8731 -4.9460
-3.3122 19.8731 -5.7703
-3.3122 19.3211 -4.9460
-2.7602 27.6016 -4.1217
-2.7602 27.6016 -4.9460
-2.7602 27.6016 -5.7703
-2.7602 27.6016 -6.5947
-2.7602 27.0495 -2.4730
-2.7602 27.0495 -3.2973
-2.7602 27.0495 -4.1217
-2.7602 27.0495 -4.9460
-2.7602 27.0495 -5.7703
-2.7602 27.0495 -6.5947
-2.7602 27.0495 -7.4190
-2.7602 26.4975 -1.6487
-2.7602 26.4975 -2.4730
-2.7602 26.4975 -3.2973
-2.7602 26.4975 -4.1217
-2.7602 26.4975 -4.9460
-2.7602 26.4975 -5.7703
-2.7602 26.4975 -6.5947
-2.7602 26.4975 -7.4190
-2.7602 26.4975 -8.2433
-2.7602 25.9455 -1.6487
-2.7602 25.9455 -2.4730
-2.7602 25.9455 -3.2973
-2.7602 25.9455 -4.1217
-2.7602 25.9455 -4.9460
-2.7602 25.9455 -5.7703
-2.7602 25.9455 -6.5947
-2.7602 25.9455 -7.4190
-2.7602 25.9455 -8.2433
-2.7602 25.9455 -9.0677
-2.7602 25.3934 -1.6487
-2.7602 25.3934 -2.4730
-2.7602 25.3934 -3.2973
-2.7602 25.3934 -4.1217
-2.7602 25.3934 -4.9460
-2.7602 25.3934 -5.7703
-2.7602 25.3934 -6.5947
-2.7602 25.3934 -7.4190
-2.7602 25.3934 -8.2433
-2.7602 25.3934 -9.0677
-2.7602 24.8414 -1.6487
-2.7602 24.8414 -2.4730
-2.7602 24.8414 -3.2973
-2.7602 24.8414 -4.1217
-2.7602 24.8414 -4.9460
-2.7602 24.8414 -5.7703
-2.7602 24.8414 -6.5947
-2.7602 24.8414 -7.4190
-2.7602 24.8414 -8.2433
-2.7602 24.8414 -9.0677
-2.7602 24.2894 -1.6487
-2.7602 24.2894 -2.4730
-2.7602 24.2894 -3.2973
-2.7602 24.2894 -4.1217
-2.7602 24.2894 -4.9460
-2.7602 24.2894 -5.7703
-2.7602 24.2894 -6.5947
-2.7602 24.2894 -7.4190
-2.7602 24.2894 -8.2433
-2.7602 24.2894 -9.0677
-2.7602 23.7373 -1.6487
-2.7602 23.7373 -2.4730
-2.7602 23.7373 -3.2973
-2.7602 23.7373 -4.1217
-2.7602 23.7373 -4.9460
-2.7602 23.7373 -5.7703
-2.7602 23.7373 -6.5947
-2.7602 23.7373 -7.4190
-2.7602 23.7373 -8.2433
-2.7602 23.7373 -9.0677
-2.7602 23.1853 -1.6487
-2.7602 23.1853 -2.4730
-2.7602 23.1853 -3.2973
-2.7602 23.1853 -4.1217
-2.7602 23.1853 -4.9460
-2.7602 23.1853 -5.7703
-2.7602 23.1853 -6.5947
-2.7602 23.1853 -7.4190
-2.7602 23.1853 -8.2433
-2.7602 23.1853 -9.0677
-2.7602 23.1853 -9.8920
-2.7602 22.6333 -1.6487
-2.7602 22.6333 -2.4730
-2.7602 22.6333 -3.2973
-2.7602 22.6333 -4.1217
-2.7602 22.6333 -4.9460
-2.7602 22.6333 -5.7703
-2.7602 22.6333 -6.5947
-2.7602 22.6333 -7.4190
-2.7602 22.6333 -8.2433
-2.7602 22.6333 -9.0677
-2.7602 22.6333 -9.8920
-2.7602 22.0812 -3.2973
-2.7602 22.0812 -4.1217
-2.7602 22.0812 -4.9460
-2.7602 22.0812 -5.7703
-2.7602 22.0812 -6.5947
-2.7602 22.0812 -7.4190
-2.7602 22.0812 -8.2433
-2.7602 22.0812 -9.0677
-2.7602 22.0812 -9.8920
-2.7602 22.0812 -10.7163
-2.7602 21.5292 -3.2973
-2.7602 21.5292 -4.1217
-2.7602 21.5292 -4.9460
-2.7602 21.5292 -5.7703
-2.7602 21.5292 -6.5947
-2.7602 21.5292 -7.4190
-2.7602 21.5292 -8.2433
-2.7602 21.5292 -9.0677
-2.7602 21.5292 -9.8920
-2.7602 21.5292 -10.7163
-2.7602 20.9772 -4.1217
-2.7602 20.9772 -4.9460
-2.7602 20.9772 -5.7703
-2.7602 20.9772 -6.5947
-2.7602 20.9772 -7.4190
-2.7602 20.4252 -4.1217
-2.7602 20.4252 -4.9460
-2.7602 20.4252 -5.7703
-2.7602 20.4252 -6.5947
-2.7602 19.8731 -4.9460
-2.2081 27.0495 -4.1217
-2.2081 27.0495 -4.9460
-2.2081 27.0495 -5.7703
-2.2081 27.0495 -6.5947
-2.2081 26.4975 -1.6487
-2.2081 26.4975 -2.4730
-2.2081 26.4975 -3.2973
-2.2081 26.4975 -4.1217
-2.2081 26.4975 -4.9460
-2.2081 26.4975 -5.7703
-2.2081 26.4975 -6.5947
-2.2081 26.4975 -7.4190
-2.2081 25.9455 -1.6487
-2.2081 25.9455 -2.4730
-2.2081 25.9455 -3.2973
-2.2081 25.9455 -4.1217
-2.2081 25.9455 -4.9460
-2.2081 25.9455 -5.7703
-2.2081 25.9455 -6.5947
-2.2081 25.9455 -7.4190
-2.2081 25.9455 -8.2433
-2.2081 25.9455 -9.0677
-2.2081 25.3934 -1.6487
-2.2081 25.3934 -2.4730
-2.2081 25.3934 -3.2973
-2.2081 25.3934 -4.1217
-2.2081 25.3934 -4.9460
-2.2081 25.3934 -5.7703
-2.2081 25.3934 -6.5947
-2.2081 25.3934 -7.4190
-2.2081 25.3934 -8.2433
-2.2081 25.3934 -9.0677
-2.2081 24.8414 -1.6487
-2.2081 24.8414 -2.4730
-2.2081 24.8414 -3.2973
-2.2081 24.8414 -4.1217
-2.2081 24.8414 -4.9460
-2.2081 24.8414 -5.7703
-2.2081 24.8414 -6.5947
-2.2081 24.8414 -7.4190
-2.2081 24.8414 -8.2433
-2.2081 24.8414 -9.0677
-2.2081 24.2894 -1.6487
-2.2081 24.2894 -2.4730
-2.2081 24.2894 -3.2973
-2.2081 24.2894 -4.1217
-2.2081 24.2894 -4.9460
-2.2081 24.2894 -5.7703
-2.2081 24.2894 -6.5947
-2.2081 24.2894 -7.4190
-2.2081 24.2894 -8.2433
-2.2081 24.2894 -9.0677
-2.2081 23.7373 -1.6487
-2.2081 23.7373 -2.4730
-2.2081 23.7373 -3.2973
-2.2081 23.7373 -4.1217
-2.2081 23.7373 -4.9460
-2.2081 23.7373 -5.7703
-2.2081 23.7373 -6.5947
-2.2081 23.7373 -7.4190
-2.2081 23.7373 -8.2433
-2.2081 23.7373 -9.0677
-2.2081 23.1853 -1.6487
-2.2081 23.1853 -2.4730
-2.2081 23.1853 -3.2973
-2.2081 23.1853 -4.1217
-2.2081 23.1853 -4.9460
-2.2081 23.1853 -5.7703
-2.2081 23.1853 -6.5947
-2.2081 23.1853 -7.4190
-2.2081 23.1853 -8.2433
-2.2081 23.1853 -9.0677
-2.2081 23.1853 -9.8920
-2.2081 22.6333 -2.4730
-2.2081 22.6333 -3.2973
-2.2081 22.6333 -4.1217
-2.2081 22.6333 -4.9460
-2.2081 22.6333 -5.7703
-2.2081 22.6333 -6.5947
-2.2081 22.6333 -7.4190
-2.2081 22.6333 -8.2433
-2.2081 22.6333 -9.0677
-2.2081 22.6333 -9.8920
-2.2081 22.0812 -3.2973
-2.2081 22.0812 -4.1217
-2.2081 22.0812 -4.9460
-2.2081 22.0812 -5.7703
-2.2081 22.0812 -6.5947
-2.2081 22.0812 -7.4190
-2.2081 22.0812 -8.2433
-2.2081 22.0812 -9.0677
-2.2081 22.0812 -9.8920
-2.2081 21.5292 -3.2973
-2.2081 21.5292 -4.1217
-2.2081 21.5292 -4.9460
-2.2081 21.5292 -5.7703
-2.2081 21.5292 -6.5947
-2.2081 21.5292 -7.4190
-2.2081 21.5292 -8.2433
-2.2081 21.5292 -9.0677
-2.2081 20.9772 -4.1217
-2.2081 20.9772 -4.9460
-2.2081 20.9772 -5.7703
-2.2081 20.9772 -6.5947
-2.2081 20.4252 -4.9460
-2.2081 20.4252 -5.7703
-2.2081 20.4252 -6.5947
-1.6561 27.0495 -4.9460
-1.6561 27.0495 -5.7703
-1.6561 27.0495 -6.5947
-1.6561 26.4975 -2.4730
-1.6561 26.4975 -3.2973
-1.6561 26.4975 -4.1217
-1.6561 26.4975 -4.9460
-1.6561 26.4975 -5.7703
-1.6561 26.4975 -6.5947
-1.6561 26.4975 -7.4190
-1.6561 25.9455 -1.6487
-1.6561 25.9455 -2.4730
-1.6561 25.9455 -3.2973
-1.6561 25.9455 -4.1217
-1.6561 25.9455 -4.9460
-1.6561 25.9455 -5.7703
-1.6561 25.9455 -6.5947
-1.6561 25.9455 -7.4190
-1.6561 25.9455 -8.2433
-1.6561 25.3934 -1.6487
-1.6561 25.3934 -2.4730
-1.6561 25.3934 -3.2973
-1.6561 25.3934 -4.1217
-1.6561 25.3934 -4.9460
-1.6561 25.3934 -5.7703
-1.6561 25.3934 -6.5947
-1.6561 25.3934 -7.4190
-1.6561 25.3934 -8.2433
-1.6561 24.8414 -1.6487
-1.6561 24.8414 -2.4730
-1.6561 24.8414 -3.2973
-1.6561 24.8414 -4.1217
-1.6561 24.8414 -4.9460
-1.6561 24.8414 -5.7703
-1.6561 24.8414 -6.5947
-1.6561 24.8414 -7.4190
-1.6561 24.8414 -8.2433
-1.6561 24.8414 -9.0677
-1.6561 24.2894 -1.6487
-1.6561 24.2894 -2.4730
-1.6561 24.2894 -3.2973
-1.6561 24.2894 -4.1217
-1.6561 24.2894 -4.9460
-1.6561 24.2894 -5.7703
-1.6561 24.2894 -6.5947
-1.6561 24.2894 -7.4190
-1.6561 24.2894 -8.2433
-1.6561 24.2894 -9.0677
-1.6561 23.7373 -1.6487
-1.6561 23.7373 -2.4730
-1.6561 23.7373 -3.2973
-1.6561 23.7373 -4.1217
-1.6561 23.7373 -4.9460
-1.6561 23.7373 -5.7703
-1.6561 23.7373 -6.5947
-1.6561 23.7373 -7.4190
-1.6561 23.7373 -8.2433
-1.6561 23.7373 -9.0677
-1.6561 23.1853 -2.4730
-1.6561 23.1853 -3.2973
-1.6561 23.1853 -4.1217
-1.6561 23.1853 -4.9460
-1.6561 23.1853 -5.7703
-1.6561 23.1853 -6.5947
-1.6561 23.1853 -7.4190
-1.6561 23.1853 -8.2433
-1.6561 23.1853 -9.0677
-1.6561 22.6333 -3.2973
-1.6561 22.6333 -4.1217
-1.6561 22.6333 -4.9460
-1.6561 22.6333 -5.7703
-1.6561 22.6333 -6.5947
-1.6561 22.6333 -7.4190
-1.6561 22.6333 -8.2433
-1.6561 22.6333 -9.0677
-1.6561 22.6333 -9.8920
-1.6561 22.0812 -3.2973
-1.6561 22.0812 -4.1217
-1.6561 22.0812 -4.9460
-1.6561 22.0812 -5.7703
-1.6561 22.0812 -6.5947
-1.6561 22.0812 -7.4190
-1.6561 22.0812 -8.2433
-1.6561 22.0812 -9.0677
-1.6561 21.5292 -4.1217
-1.6561 21.5292 -4.9460
-1.6561 21.5292 -5.7703
-1.6561 21.5292 -6.5947
-1.6561 21.5292 -7.4190
-1.6561 20.9772 -4.9460
-1.6561 20.9772 -5.7703
-1.6561 20.9772 -6.5947
-1.6561 20.4252 -5.7703
-1.6561 20.4252 -6.5947
-1.1041 26.4975 -2.4730
-1.1041 26.4975 -3.2973
-1.1041 26.4975 -4.1217
-1.1041 26.4975 -4.9460
-1.1041 26.4975 -5.7703
-1.1041 26.4975 -6.5947
-1.1041 25.9455 -2.4730
-1.1041 25.9455 -3.2973
-1.1041 25.9455 -4.1217
-1.1041 25.9455 -4.9460
-1.1041 25.9455 -5.7703
-1.1041 25.9455 -6.5947
-1.1041 25.9455 -7.4190
-1.1041 25.3934 -1.6487
-1.1041 25.3934 -2.4730
-1.1041 25.3934 -3.2973
-1.1041 25.3934 -4.1217
-1.1041 25.3934 -4.9460
-1.1041 25.3934 -5.7703
-1.1041 25.3934 -6.5947
-1.1041 25.3934 -7.4190
-1.1041 25.3934 -8.2433
-1.1041 24.8414 -1.6487
-1.1041 24.8414 -2.4730
-1.1041 24.8414 -3.2973
-1.1041 24.8414 -4.1217
-1.1041 24.8414 -4.9460
-1.1041 24.8414 -5.7703
-1.1041 24.8414 -6.5947
-1.1041 24.8414 -7.4190
-1.1041 24.8414 -8.2433
-1.1041 24.2894 -1.6487
-1.1041 24.2894 -2.4730
-1.1041 24.2894 -3.2973
-1.1041 24.2894 -4.1217
-1.1041 24.2894 -4.9460
-1.1041 24.2894 -5.7703
-1.1041 24.2894 -6.5947
-1.1041 24.2894 -7.4190
-1.1041 24.2894 -8.2433
-1.1041 23.7373 -2.4730
-1.1041 23.7373 -3.2973
-1.1041 23.7373 -4.1217
-1.1041 23.7373 -4.9460
-1.1041 23.7373 -5.7703
-1.1041 23.7373 -6.5947
-1.1041 23.7373 -7.4190
-1.1041 23.7373 -8.2433
-1.1041 23.7373 -9.0677
-1.1041 23.1853 -3.2973
-1.1041 23.1853 -4.1217
-1.1041 23.1853 -4.9460
-1.1041 23.1853 -5.7703
-1.1041 23.1853 -6.5947
-1.1041 23.1853 -7.4190
-1.1041 23.1853 -8.2433
-1.1041 23.1853 -9.0677
-1.1041 22.6333 -4.1217
-1.1041 22.6333 -4.9460
-1.1041 22.6333 -5.7703
-1.1041 22.6333 -6.5947
-1.1041 22.6333 -7.4190
-1.1041 22.6333 -8.2433
-1.1041 22.6333 -9.0677
-1.1041 22.0812 -4.1217
-1.1041 22.0812 -4.9460
-1.1041 22.0812 -5.7703
-1.1041 22.0812 -6.5947
-1.1041 22.0812 -7.4190
-1.1041 22.0812 -8.2433
-1.1041 22.0812 -9.0677
-1.1041 21.5292 -4.9460
-1.1041 21.5292 -5.7703
-1.1041 21.5292 -6.5947
-1.1041 21.5292 -7.4190
-1.1041 20.9772 -5.7703
-1.1041 20.9772 -6.5947
-0.5520 25.9455 -2.4730
-0.5520 25.9455 -3.2973
-0.5520 25.9455 -4.1217
-0.5520 25.9455 -4.9460
-0.5520 25.9455 -5.7703
-0.5520 25.9455 -6.5947
-0.5520 25.3934 -2.4730
-0.5520 25.3934 -3.2973
-0.5520 25.3934 -4.1217
-0.5520 25.3934 -4.9460
-0.5520 25.3934 -5.7703
-0.5520 25.3934 -6.5947
-0.5520 25.3934 -7.4190
-0.5520 24.8414 -1.6487
-0.5520 24.8414 -2.4730
-0.5520 24.8414 -3.2973
-0.5520 24.8414 -4.1217
-0.5520 24.8414 -4.9460
-0.5520 24.8414 -5.7703
-0.5520 24.8414 -6.5947
-0.5520 24.8414 -7.4190
-0.5520 24.2894 -3.2973
-0.5520 24.2894 -4.1217
-0.5520 24.2894 -4.9460
-0.5520 24.2894 -5.7703
-0.5520 24.2894 -6.5947
-0.5520 24.2894 -7.4190
-0.5520 24.2894 -8.2433
-0.5520 23.7373 -3.2973
-0.5520 23.7373 -4.1217
-0.5520 23.7373 -4.9460
-0.5520 23.7373 -5.7703
-0.5520 23.7373 -6.5947
-0.5520 23.7373 -7.4190
-0.5520 23.7373 -8.2433
-0.5520 23.1853 -4.1217
-0.5520 23.1853 -4.9460
-0.5520 23.1853 -5.7703
-0.5520 23.1853 -6.5947
-0.5520 23.1853 -7.4190
-0.5520 23.1853 -8.2433
-0.5520 23.1853 -9.0677
-0.5520 22.6333 -4.1217
-0.5520 22.6333 -4.9460
-0.5520 22.6333 -5.7703
-0.5520 22.6333 -6.5947
-0.5520 22.6333 -7.4190
-0.5520 22.6333 -8.2433
-0.5520 22.6333 -9.0677
-0.5520 22.0812 -4.9460
-0.5520 22.0812 -5.7703
-0.5520 22.0812 -6.5947
-0.5520 22.0812 -7.4190
-0.5520 22.0812 -8.2433
-0.5520 22.0812 -9.0677
-0.5520 21.5292 -5.7703
-0.5520 21.5292 -6.5947
-0.5520 21.5292 -7.4190
-0.5520 20.9772 -5.7703
-0.5520 20.9772 -6.5947
0.0000 25.3934 -5.7703
0.0000 25.3934 -6.5947
0.0000 24.8414 -4.1217
0.0000 24.8414 -4.9460
0.0000 24.8414 -5.7703
0.0000 24.8414 -6.5947
0.0000 24.2894 -4.1217
0.0000 24.2894 -4.9460
0.0000 24.2894 -5.7703
0.0000 24.2894 -6.5947
0.0000 24.2894 -7.4190
0.0000 23.7373 -4.1217
0.0000 23.7373 -4.9460
0.0000 23.7373 -5.7703
0.0000 23.7373 -6.5947
0.0000 23.7373 -7.4190
0.0000 23.7373 -8.2433
0.0000 23.1853 -4.9460
0.0000 23.1853 -5.7703
0.0000 23.1853 -6.5947
0.0000 23.1853 -7.4190
0.0000 23.1853 -8.2433
0.0000 22.6333 -4.9460
0.0000 22.6333 -5.7703
0.0000 22.6333 -6.5947
0.0000 22.6333 -7.4190
0.0000 22.6333 -8.2433
0.0000 22.6333 -9.0677
0.0000 22.0812 -5.7703
0.0000 22.0812 -6.5947
0.0000 22.0812 -7.4190
0.0000 21.5292 -5.7703
0.0000 21.5292 -6.5947
0.0000 21.5292 -7.4190
0.5520 24.8414 -6.5947
0.5520 24.2894 -4.9460
0.5520 24.2894 -5.7703
0.5520 24.2894 -6.5947
0.5520 23.7373 -4.9460
0.5520 23.7373 -5.7703
0.5520 23.7373 -6.5947
0.5520 23.7373 -7.4190
0.5520 23.1853 -4.9460
0.5520 23.1853 -5.7703
0.5520 23.1853 -6.5947
0.5520 23.1853 -7.4190
0.5520 23.1853 -8.2433
0.5520 22.6333 -4.9460
0.5520 22.6333 -5.7703
0.5520 22.6333 -6.5947
0.5520 22.6333 -7.4190
0.5520 22.6333 -8.2433
0.5520 22.0812 -5.7703
0.5520 22.0812 -6.5947
0.5520 22.0812 -7.4190
0.5520 21.5292 -6.5947
0.5520 21.5292 -7.4190
1.1041 23.7373 -6.5947
1.1041 23.1853 -6.5947
1.1041 23.1853 -7.4190
1.1041 22.6333 -6.5947
1.1041 22.6333 -7.4190
1.1041 22.0812 -6.5947
1.1041 22.0812 -7.4190
