0.0000 13.8008 0.0000
0.0000 13.8008 0.8243
0.0000 13.8008 3.2973
0.0000 13.8008 -3.2973
0.0000 13.8008 -0.8243
0.0000 13.8008 1.6487
0.0000 13.8008 -1.6487
0.0000 13.8008 -2.4730
0.0000 13.8008 2.4730
0.0000 13.8008 -4.1217
0.0000 17.6650 0.0000
0.0000 17.6650 0.8243
0.0000 17.6650 -3.2973
0.0000 17.6650 -0.8243
0.0000 17.6650 1.6487
0.0000 17.6650 -1.6487
0.0000 17.6650 -2.4730
0.0000 17.6650 -4.9460
0.0000 17.6650 -4.1217
0.0000 21.5292 -3.2973
0.0000 21.5292 -0.8243
0.0000 21.5292 -1.6487
0.0000 21.5292 -2.4730
0.0000 12.6967 0.0000
0.0000 12.6967 0.8243
0.0000 12.6967 3.2973
0.0000 12.6967 -3.2973
0.0000 12.6967 -0.8243
0.0000 12.6967 1.6487
0.0000 12.6967 -1.6487
0.0000 12.6967 -2.4730
0.0000 12.6967 2.4730
0.0000 19.3211 0.0000
0.0000 19.3211 0.8243
0.0000 19.3211 -3.2973
0.0000 19.3211 -0.8243
0.0000 19.3211 -1.6487
0.0000 19.3211 -2.4730
0.0000 19.3211 -4.9460
0.0000 19.3211 -4.1217
0.0000 23.1853 -1.6487
0.0000 11.5927 0.0000
0.0000 11.5927 0.8243
0.0000 11.5927 -0.8243
0.0000 11.5927 1.6487
0.0000 11.5927 -1.6487
0.0000 11.5927 -2.4730
0.0000 11.5927 2.4730
0.0000 17.1130 0.0000
0.0000 17.1130 0.8243
0.0000 17.1130 -3.2973
0.0000 17.1130 -0.8243
0.0000 17.1130 1.6487
0.0000 17.1130 -1.6487
0.0000 17.1130 -2.4730
0.0000 17.1130 -4.9460
0.0000 17.1130 2.4730
0.0000 17.1130 -4.1217
0.0000 15.4569 0.0000
0.0000 15.4569 0.8243
0.0000 15.4569 -3.2973
0.0000 15.4569 -0.8243
0.0000 15.4569 1.6487
0.0000 15.4569 -1.6487
0.0000 15.4569 -2.4730
0.0000 15.4569 -4.9460
0.0000 15.4569 2.4730
0.0000 15.4569 -4.1217
0.0000 10.4886 0.0000
0.0000 10.4886 0.8243
0.0000 10.4886 -0.8243
0.0000 10.4886 1.6487
0.0000 10.4886 -1.6487
0.0000 10.4886 -2.4730
0.0000 20.9772 0.0000
0.0000 20.9772 -3.2973
0.0000 20.9772 -0.8243
0.0000 20.9772 -1.6487
0.0000 20.9772 -2.4730
0.0000 20.9772 -4.1217
0.0000 14.3528 0.0000
0.0000 14.3528 0.8243
0.0000 14.3528 3.2973
0.0000 14.3528 -3.2973
0.0000 14.3528 -0.8243
0.0000 14.3528 1.6487
0.0000 14.3528 -1.6487
0.0000 14.3528 -2.4730
0.0000 14.3528 2.4730
0.0000 14.3528 -4.1217
0.0000 18.7691 0.0000
0.0000 18.7691 0.8243
0.0000 18.7691 -3.2973
0.0000 18.7691 -0.8243
0.0000 18.7691 -1.6487
0.0000 18.7691 -2.4730
0.0000 18.7691 -4.9460
0.0000 18.7691 -4.1217
0.0000 22.6333 -0.8243
0.0000 22.6333 -1.6487
0.0000 22.6333 -2.4730
0.0000 13.2488 0.0000
0.0000 13.2488 0.8243
0.0000 13.2488 3.2973
0.0000 13.2488 -3.2973
0.0000 13.2488 -0.8243
0.0000 13.2488 1.6487
0.0000 13.2488 -1.6487
0.0000 13.2488 -2.4730
0.0000 13.2488 2.4730
0.0000 16.5609 0.0000
0.0000 16.5609 0.8243
0.0000 16.5609 -3.2973
0.0000 16.5609 -0.8243
0.0000 16.5609 1.6487
0.0000 16.5609 -1.6487
0.0000 16.5609 -2.4730
0.0000 16.5609 -4.9460
0.0000 16.5609 2.4730
0.0000 16.5609 -4.1217
0.0000 20.4252 0.0000
0.0000 20.4252 -3.2973
0.0000 20.4252 -0.8243
0.0000 20.4252 -1.6487
0.0000 20.4252 -2.4730
0.0000 20.4252 -4.1217
0.0000 12.1447 0.0000
0.0000 12.1447 0.8243
0.0000 12.1447 -3.2973
0.0000 12.1447 -0.8243
0.0000 12.1447 1.6487
0.0000 12.1447 -1.6487
0.0000 12.1447 -2.4730
0.0000 12.1447 2.4730
0.0000 18.2170 0.0000
0.0000 18.2170 0.8243
0.0000 18.2170 -3.2973
0.0000 18.2170 -0.8243
0.0000 18.2170 1.6487
0.0000 18.2170 -1.6487
0.0000 18.2170 -2.4730
0.0000 18.2170 -4.9460
0.0000 18.2170 -4.1217
0.0000 11.0406 0.0000
0.0000 11.0406 0.8243
0.0000 11.0406 -0.8243
0.0000 11.0406 1.6487
0.0000 11.0406 -1.6487
0.0000 11.0406 -2.4730
0.0000 11.0406 2.4730
0.0000 22.0812 -0.8243
0.0000 22.0812 -1.6487
0.0000 22.0812 -2.4730
0.0000 14.9048 0.0000
0.0000 14.9048 0.8243
0.0000 14.9048 3.2973
0.0000 14.9048 -3.2973
0.0000 14.9048 -0.8243
0.0000 14.9048 1.6487
0.0000 14.9048 -1.6487
0.0000 14.9048 -2.4730
0.0000 14.9048 2.4730
0.0000 14.9048 -4.1217
0.0000 16.0089 0.0000
0.0000 16.0089 0.8243
0.0000 16.0089 -3.2973
0.0000 16.0089 -0.8243
0.0000 16.0089 1.6487
0.0000 16.0089 -1.6487
0.0000 16.0089 -2.4730
0.0000 16.0089 -4.9460
0.0000 16.0089 2.4730
0.0000 16.0089 -4.1217
0.0000 19.8731 0.0000
0.0000 19.8731 -3.2973
0.0000 19.8731 -0.8243
0.0000 19.8731 -1.6487
0.0000 19.8731 -2.4730
0.0000 19.8731 -4.9460
0.0000 19.8731 -5.7703
0.0000 19.8731 -4.1217
0.0000 9.9366 -1.6487
0.0000 23.7373 -1.6487
0.5520 13.8008 0.0000
0.5520 13.8008 0.8243
0.5520 13.8008 3.2973
0.5520 13.8008 -3.2973
0.5520 13.8008 -0.8243
0.5520 13.8008 1.6487
0.5520 13.8008 -1.6487
0.5520 13.8008 -2.4730
0.5520 13.8008 2.4730
0.5520 13.8008 -4.1217
0.5520 17.6650 0.0000
0.5520 17.6650 0.8243
0.5520 17.6650 -3.2973
0.5520 17.6650 -0.8243
0.5520 17.6650 1.6487
0.5520 17.6650 -1.6487
0.5520 17.6650 -2.4730
0.5520 17.6650 -4.9460
0.5520 17.6650 -4.1217
0.5520 21.5292 0.0000
0.5520 21.5292 -3.2973
0.5520 21.5292 -0.8243
0.5520 21.5292 -1.6487
0.5520 21.5292 -2.4730
0.5520 21.5292 -4.1217
0.5520 12.6967 0.0000
0.5520 12.6967 0.8243
0.5520 12.6967 3.2973
0.5520 12.6967 -3.2973
0.5520 12.6967 -0.8243
0.5520 12.6967 1.6487
0.5520 12.6967 -1.6487
0.5520 12.6967 -2.4730
0.5520 12.6967 2.4730
0.5520 12.6967 -4.1217
0.5520 19.3211 0.0000
0.5520 19.3211 0.8243
0.5520 19.3211 -3.2973
0.5520 19.3211 -0.8243
0.5520 19.3211 -1.6487
0.5520 19.3211 -2.4730
0.5520 19.3211 -4.9460
0.5520 19.3211 -5.7703
0.5520 19.3211 -4.1217
0.5520 23.1853 -0.8243
0.5520 23.1853 -1.6487
0.5520 23.1853 -2.4730
0.5520 11.5927 0.0000
0.5520 11.5927 0.8243
0.5520 11.5927 -0.8243
0.5520 11.5927 1.6487
0.5520 11.5927 -1.6487
0.5520 11.5927 -2.4730
0.5520 11.5927 2.4730
0.5520 17.1130 0.0000
0.5520 17.1130 0.8243
0.5520 17.1130 -3.2973
0.5520 17.1130 -0.8243
0.5520 17.1130 1.6487
0.5520 17.1130 -1.6487
0.5520 17.1130 -2.4730
0.5520 17.1130 -4.9460
0.5520 17.1130 2.4730
0.5520 17.1130 -4.1217
0.5520 15.4569 0.0000
0.5520 15.4569 0.8243
0.5520 15.4569 -3.2973
0.5520 15.4569 -0.8243
0.5520 15.4569 1.6487
0.5520 15.4569 -1.6487
0.5520 15.4569 -2.4730
0.5520 15.4569 -4.9460
0.5520 15.4569 2.4730
0.5520 15.4569 -4.1217
0.5520 10.4886 0.0000
0.5520 10.4886 0.8243
0.5520 10.4886 -0.8243
0.5520 10.4886 1.6487
0.5520 10.4886 -1.6487
0.5520 10.4886 -2.4730
0.5520 10.4886 2.4730
0.5520 20.9772 0.0000
0.5520 20.9772 -3.2973
0.5520 20.9772 -0.8243
0.5520 20.9772 -1.6487
0.5520 20.9772 -2.4730
0.5520 20.9772 -4.1217
0.5520 14.3528 0.0000
0.5520 14.3528 0.8243
0.5520 14.3528 3.2973
0.5520 14.3528 -3.2973
0.5520 14.3528 -0.8243
0.5520 14.3528 1.6487
0.5520 14.3528 -1.6487
0.5520 14.3528 -2.4730
0.5520 14.3528 -4.9460
0.5520 14.3528 2.4730
0.5520 14.3528 -4.1217
0.5520 18.7691 0.0000
0.5520 18.7691 0.8243
0.5520 18.7691 -3.2973
0.5520 18.7691 -0.8243
0.5520 18.7691 -1.6487
0.5520 18.7691 -2.4730
0.5520 18.7691 -4.9460
0.5520 18.7691 -4.1217
0.5520 22.6333 -3.2973
0.5520 22.6333 -0.8243
0.5520 22.6333 -1.6487
0.5520 22.6333 -2.4730
0.5520 13.2488 0.0000
0.5520 13.2488 0.8243
0.5520 13.2488 3.2973
0.5520 13.2488 -3.2973
0.5520 13.2488 -0.8243
0.5520 13.2488 1.6487
0.5520 13.2488 -1.6487
0.5520 13.2488 -2.4730
0.5520 13.2488 2.4730
0.5520 13.2488 -4.1217
0.5520 16.5609 0.0000
0.5520 16.5609 0.8243
0.5520 16.5609 -3.2973
0.5520 16.5609 -0.8243
0.5520 16.5609 1.6487
0.5520 16.5609 -1.6487
0.5520 16.5609 -2.4730
0.5520 16.5609 -4.9460
0.5520 16.5609 2.4730
0.5520 16.5609 -4.1217
0.5520 20.4252 0.0000
0.5520 20.4252 -3.2973
0.5520 20.4252 -0.8243
0.5520 20.4252 -1.6487
0.5520 20.4252 -2.4730
0.5520 20.4252 -4.9460
0.5520 20.4252 -5.7703
0.5520 20.4252 -4.1217
0.5520 12.1447 0.0000
0.5520 12.1447 0.8243
0.5520 12.1447 -3.2973
0.5520 12.1447 -0.8243
0.5520 12.1447 1.6487
0.5520 12.1447 -1.6487
0.5520 12.1447 -2.4730
0.5520 12.1447 2.4730
0.5520 24.2894 -1.6487
0.5520 24.2894 -2.4730
0.5520 18.2170 0.0000
0.5520 18.2170 0.8243
0.5520 18.2170 -3.2973
0.5520 18.2170 -0.8243
0.5520 18.2170 1.6487
0.5520 18.2170 -1.6487
0.5520 18.2170 -2.4730
0.5520 18.2170 -4.9460
0.5520 18.2170 -4.1217
0.5520 11.0406 0.0000
0.5520 11.0406 0.8243
0.5520 11.0406 -0.8243
0.5520 11.0406 1.6487
0.5520 11.0406 -1.6487
0.5520 11.0406 -2.4730
0.5520 11.0406 2.4730
0.5520 22.0812 -3.2973
0.5520 22.0812 -0.8243
0.5520 22.0812 -1.6487
0.5520 22.0812 -2.4730
0.5520 14.9048 0.0000
0.5520 14.9048 0.8243
0.5520 14.9048 3.2973
0.5520 14.9048 -3.2973
0.5520 14.9048 -0.8243
0.5520 14.9048 1.6487
0.5520 14.9048 -1.6487
0.5520 14.9048 -2.4730
0.5520 14.9048 -4.9460
0.5520 14.9048 2.4730
0.5520 14.9048 -4.1217
0.5520 16.0089 0.0000
0.5520 16.0089 0.8243
0.5520 16.0089 -3.2973
0.5520 16.0089 -0.8243
0.5520 16.0089 1.6487
0.5520 16.0089 -1.6487
0.5520 16.0089 -2.4730
0.5520 16.0089 -4.9460
0.5520 16.0089 2.4730
0.5520 16.0089 -4.1217
0.5520 19.8731 0.0000
0.5520 19.8731 -3.2973
0.5520 19.8731 -0.8243
0.5520 19.8731 -1.6487
0.5520 19.8731 -2.4730
0.5520 19.8731 -4.9460
0.5520 19.8731 -5.7703
0.5520 19.8731 -4.1217
0.5520 9.9366 -1.6487
0.5520 9.9366 -2.4730
0.5520 23.7373 -1.6487
0.5520 23.7373 -2.4730
-0.5520 13.8008 0.0000
-0.5520 13.8008 0.8243
-0.5520 13.8008 3.2973
-0.5520 13.8008 -3.2973
-0.5520 13.8008 -0.8243
-0.5520 13.8008 1.6487
-0.5520 13.8008 -1.6487
-0.5520 13.8008 -2.4730
-0.5520 13.8008 2.4730
-0.5520 13.8008 -4.1217
-0.5520 17.6650 0.0000
-0.5520 17.6650 0.8243
-0.5520 17.6650 -3.2973
-0.5520 17.6650 -0.8243
-0.5520 17.6650 1.6487
-0.5520 17.6650 -1.6487
-0.5520 17.6650 -2.4730
-0.5520 17.6650 -4.9460
-0.5520 17.6650 -4.1217
-0.5520 21.5292 -0.8243
-0.5520 21.5292 -1.6487
-0.5520 21.5292 -2.4730
-0.5520 12.6967 0.0000
-0.5520 12.6967 0.8243
-0.5520 12.6967 -3.2973
-0.5520 12.6967 -0.8243
-0.5520 12.6967 1.6487
-0.5520 12.6967 -1.6487
-0.5520 12.6967 -2.4730
-0.5520 12.6967 2.4730
-0.5520 19.3211 0.0000
-0.5520 19.3211 0.8243
-0.5520 19.3211 -3.2973
-0.5520 19.3211 -0.8243
-0.5520 19.3211 -1.6487
-0.5520 19.3211 -2.4730
-0.5520 19.3211 -4.9460
-0.5520 19.3211 -4.1217
-0.5520 11.5927 0.0000
-0.5520 11.5927 0.8243
-0.5520 11.5927 -0.8243
-0.5520 11.5927 1.6487
-0.5520 11.5927 -1.6487
-0.5520 11.5927 -2.4730
-0.5520 11.5927 2.4730
-0.5520 17.1130 0.0000
-0.5520 17.1130 0.8243
-0.5520 17.1130 -3.2973
-0.5520 17.1130 -0.8243
-0.5520 17.1130 1.6487
-0.5520 17.1130 -1.6487
-0.5520 17.1130 -2.4730
-0.5520 17.1130 2.4730
-0.5520 17.1130 -4.1217
-0.5520 15.4569 0.0000
-0.5520 15.4569 0.8243
-0.5520 15.4569 -3.2973
-0.5520 15.4569 -0.8243
-0.5520 15.4569 1.6487
-0.5520 15.4569 -1.6487
-0.5520 15.4569 -2.4730
-0.5520 15.4569 2.4730
-0.5520 15.4569 -4.1217
-0.5520 10.4886 -0.8243
-0.5520 10.4886 -1.6487
-0.5520 20.9772 0.0000
-0.5520 20.9772 -3.2973
-0.5520 20.9772 -0.8243
-0.5520 20.9772 -1.6487
-0.5520 20.9772 -2.4730
-0.5520 14.3528 0.0000
-0.5520 14.3528 0.8243
-0.5520 14.3528 3.2973
-0.5520 14.3528 -3.2973
-0.5520 14.3528 -0.8243
-0.5520 14.3528 1.6487
-0.5520 14.3528 -1.6487
-0.5520 14.3528 -2.4730
-0.5520 14.3528 2.4730
-0.5520 14.3528 4.1217
-0.5520 14.3528 -4.1217
-0.5520 18.7691 0.0000
-0.5520 18.7691 0.8243
-0.5520 18.7691 -3.2973
-0.5520 18.7691 -0.8243
-0.5520 18.7691 -1.6487
-0.5520 18.7691 -2.4730
-0.5520 18.7691 -4.9460
-0.5520 18.7691 -4.1217
-0.5520 22.6333 -0.8243
-0.5520 22.6333 -1.6487
-0.5520 13.2488 0.0000
-0.5520 13.2488 0.8243
-0.5520 13.2488 3.2973
-0.5520 13.2488 -3.2973
-0.5520 13.2488 -0.8243
-0.5520 13.2488 1.6487
-0.5520 13.2488 -1.6487
-0.5520 13.2488 -2.4730
-0.5520 13.2488 2.4730
-0.5520 16.5609 0.0000
-0.5520 16.5609 0.8243
-0.5520 16.5609 -3.2973
-0.5520 16.5609 -0.8243
-0.5520 16.5609 1.6487
-0.5520 16.5609 -1.6487
-0.5520 16.5609 -2.4730
-0.5520 16.5609 2.4730
-0.5520 16.5609 -4.1217
-0.5520 20.4252 0.0000
-0.5520 20.4252 -3.2973
-0.5520 20.4252 -0.8243
-0.5520 20.4252 -1.6487
-0.5520 20.4252 -2.4730
-0.5520 20.4252 -4.1217
-0.5520 12.1447 0.0000
-0.5520 12.1447 0.8243
-0.5520 12.1447 -3.2973
-0.5520 12.1447 -0.8243
-0.5520 12.1447 1.6487
-0.5520 12.1447 -1.6487
-0.5520 12.1447 -2.4730
-0.5520 12.1447 2.4730
-0.5520 18.2170 0.0000
-0.5520 18.2170 0.8243
-0.5520 18.2170 -3.2973
-0.5520 18.2170 -0.8243
-0.5520 18.2170 1.6487
-0.5520 18.2170 -1.6487
-0.5520 18.2170 -2.4730
-0.5520 18.2170 -4.9460
-0.5520 18.2170 -4.1217
-0.5520 11.0406 0.0000
-0.5520 11.0406 0.8243
-0.5520 11.0406 -0.8243
-0.5520 11.0406 1.6487
-0.5520 11.0406 -1.6487
-0.5520 11.0406 -2.4730
-0.5520 22.0812 -0.8243
-0.5520 22.0812 -1.6487
-0.5520 22.0812 -2.4730
-0.5520 14.9048 0.0000
-0.5520 14.9048 0.8243
-0.5520 14.9048 3.2973
-0.5520 14.9048 -3.2973
-0.5520 14.9048 -0.8243
-0.5520 14.9048 1.6487
-0.5520 14.9048 -1.6487
-0.5520 14.9048 -2.4730
-0.5520 14.9048 2.4730
-0.5520 14.9048 -4.1217
-0.5520 16.0089 0.0000
-0.5520 16.0089 0.8243
-0.5520 16.0089 -3.2973
-0.5520 16.0089 -0.8243
-0.5520 16.0089 1.6487
-0.5520 16.0089 -1.6487
-0.5520 16.0089 -2.4730
-0.5520 16.0089 2.4730
-0.5520 16.0089 -4.1217
-0.5520 19.8731 0.0000
-0.5520 19.8731 -3.2973
-0.5520 19.8731 -0.8243
-0.5520 19.8731 -1.6487
-0.5520 19.8731 -2.4730
-0.5520 19.8731 -4.9460
-0.5520 19.8731 -4.1217
-0.5520 9.9366 -1.6487
1.1041 13.8008 0.0000
1.1041 13.8008 0.8243
1.1041 13.8008 3.2973
1.1041 13.8008 -3.2973
1.1041 13.8008 -0.8243
1.1041 13.8008 1.6487
1.1041 13.8008 -1.6487
1.1041 13.8008 -2.4730
1.1041 13.8008 -4.9460
1.1041 13.8008 2.4730
1.1041 13.8008 -4.1217
1.1041 17.6650 0.0000
1.1041 17.6650 0.8243
1.1041 17.6650 -3.2973
1.1041 17.6650 -0.8243
1.1041 17.6650 1.6487
1.1041 17.6650 -1.6487
1.1041 17.6650 -2.4730
1.1041 17.6650 -4.9460
1.1041 17.6650 2.4730
1.1041 17.6650 -4.1217
1.1041 21.5292 0.0000
1.1041 21.5292 -3.2973
1.1041 21.5292 -0.8243
1.1041 21.5292 -1.6487
1.1041 21.5292 -2.4730
1.1041 21.5292 -4.1217
1.1041 12.6967 0.0000
1.1041 12.6967 0.8243
1.1041 12.6967 3.2973
1.1041 12.6967 -3.2973
1.1041 12.6967 -0.8243
1.1041 12.6967 1.6487
1.1041 12.6967 -1.6487
1.1041 12.6967 -2.4730
1.1041 12.6967 2.4730
1.1041 12.6967 -4.1217
1.1041 19.3211 0.0000
1.1041 19.3211 0.8243
1.1041 19.3211 -3.2973
1.1041 19.3211 -0.8243
1.1041 19.3211 -1.6487
1.1041 19.3211 -2.4730
1.1041 19.3211 -4.9460
1.1041 19.3211 -5.7703
1.1041 19.3211 -4.1217
1.1041 23.1853 -3.2973
1.1041 23.1853 -0.8243
1.1041 23.1853 -1.6487
1.1041 23.1853 -2.4730
1.1041 11.5927 0.0000
1.1041 11.5927 0.8243
1.1041 11.5927 -3.2973
1.1041 11.5927 -0.8243
1.1041 11.5927 1.6487
1.1041 11.5927 -1.6487
1.1041 11.5927 -2.4730
1.1041 11.5927 2.4730
1.1041 17.1130 0.0000
1.1041 17.1130 0.8243
1.1041 17.1130 -3.2973
1.1041 17.1130 -0.8243
1.1041 17.1130 1.6487
1.1041 17.1130 -1.6487
1.1041 17.1130 -2.4730
1.1041 17.1130 -4.9460
1.1041 17.1130 2.4730
1.1041 17.1130 -4.1217
1.1041 15.4569 0.0000
1.1041 15.4569 0.8243
1.1041 15.4569 -3.2973
1.1041 15.4569 -0.8243
1.1041 15.4569 1.6487
1.1041 15.4569 -1.6487
1.1041 15.4569 -2.4730
1.1041 15.4569 -4.9460
1.1041 15.4569 2.4730
1.1041 15.4569 -4.1217
1.1041 10.4886 0.0000
1.1041 10.4886 0.8243
1.1041 10.4886 -0.8243
1.1041 10.4886 1.6487
1.1041 10.4886 -1.6487
1.1041 10.4886 -2.4730
1.1041 10.4886 2.4730
1.1041 20.9772 0.0000
1.1041 20.9772 -3.2973
1.1041 20.9772 -0.8243
1.1041 20.9772 -1.6487
1.1041 20.9772 -2.4730
1.1041 20.9772 -4.9460
1.1041 20.9772 -4.1217
1.1041 14.3528 0.0000
1.1041 14.3528 0.8243
1.1041 14.3528 3.2973
1.1041 14.3528 -3.2973
1.1041 14.3528 -0.8243
1.1041 14.3528 1.6487
1.1041 14.3528 -1.6487
1.1041 14.3528 -2.4730
1.1041 14.3528 -4.9460
1.1041 14.3528 2.4730
1.1041 14.3528 4.1217
1.1041 14.3528 -4.1217
1.1041 18.7691 0.0000
1.1041 18.7691 0.8243
1.1041 18.7691 -3.2973
1.1041 18.7691 -0.8243
1.1041 18.7691 -1.6487
1.1041 18.7691 -2.4730
1.1041 18.7691 -4.9460
1.1041 18.7691 -5.7703
1.1041 18.7691 -4.1217
1.1041 22.6333 -3.2973
1.1041 22.6333 -0.8243
1.1041 22.6333 -1.6487
1.1041 22.6333 -2.4730
1.1041 13.2488 0.0000
1.1041 13.2488 0.8243
1.1041 13.2488 3.2973
1.1041 13.2488 -3.2973
1.1041 13.2488 -0.8243
1.1041 13.2488 1.6487
1.1041 13.2488 -1.6487
1.1041 13.2488 -2.4730
1.1041 13.2488 2.4730
1.1041 13.2488 -4.1217
1.1041 16.5609 0.0000
1.1041 16.5609 0.8243
1.1041 16.5609 -3.2973
1.1041 16.5609 -0.8243
1.1041 16.5609 1.6487
1.1041 16.5609 -1.6487
1.1041 16.5609 -2.4730
1.1041 16.5609 -4.9460
1.1041 16.5609 2.4730
1.1041 16.5609 -4.1217
1.1041 20.4252 0.0000
1.1041 20.4252 -3.2973
1.1041 20.4252 -0.8243
1.1041 20.4252 -1.6487
1.1041 20.4252 -2.4730
1.1041 20.4252 -4.9460
1.1041 20.4252 -5.7703
1.1041 20.4252 -4.1217
1.1041 12.1447 0.0000
1.1041 12.1447 0.8243
1.1041 12.1447 3.2973
1.1041 12.1447 -3.2973
1.1041 12.1447 -0.8243
1.1041 12.1447 1.6487
1.1041 12.1447 -1.6487
1.1041 12.1447 -2.4730
1.1041 12.1447 2.4730
1.1041 24.2894 -3.2973
1.1041 24.2894 -1.6487
1.1041 24.2894 -2.4730
1.1041 18.2170 0.0000
1.1041 18.2170 0.8243
1.1041 18.2170 -3.2973
1.1041 18.2170 -0.8243
1.1041 18.2170 1.6487
1.1041 18.2170 -1.6487
1.1041 18.2170 -2.4730
1.1041 18.2170 -4.9460
1.1041 18.2170 -4.1217
1.1041 11.0406 0.0000
1.1041 11.0406 0.8243
1.1041 11.0406 -0.8243
1.1041 11.0406 1.6487
1.1041 11.0406 -1.6487
1.1041 11.0406 -2.4730
1.1041 11.0406 2.4730
1.1041 22.0812 -3.2973
1.1041 22.0812 -0.8243
1.1041 22.0812 -1.6487
1.1041 22.0812 -2.4730
1.1041 14.9048 0.0000
1.1041 14.9048 0.8243
1.1041 14.9048 3.2973
1.1041 14.9048 -3.2973
1.1041 14.9048 -0.8243
1.1041 14.9048 1.6487
1.1041 14.9048 -1.6487
1.1041 14.9048 -2.4730
1.1041 14.9048 -4.9460
1.1041 14.9048 2.4730
1.1041 14.9048 -4.1217
1.1041 16.0089 0.0000
1.1041 16.0089 0.8243
1.1041 16.0089 -3.2973
1.1041 16.0089 -0.8243
1.1041 16.0089 1.6487
1.1041 16.0089 -1.6487
1.1041 16.0089 -2.4730
1.1041 16.0089 -4.9460
1.1041 16.0089 2.4730
1.1041 16.0089 -4.1217
1.1041 19.8731 0.0000
1.1041 19.8731 -3.2973
1.1041 19.8731 -0.8243
1.1041 19.8731 -1.6487
1.1041 19.8731 -2.4730
1.1041 19.8731 -4.9460
1.1041 19.8731 -5.7703
1.1041 19.8731 -4.1217
1.1041 9.9366 -1.6487
1.1041 9.9366 -2.4730
1.1041 23.7373 -3.2973
1.1041 23.7373 -1.6487
1.1041 23.7373 -2.4730
-1.1041 13.8008 0.0000
-1.1041 13.8008 0.8243
-1.1041 13.8008 3.2973
-1.1041 13.8008 -3.2973
-1.1041 13.8008 -0.8243
-1.1041 13.8008 1.6487
-1.1041 13.8008 -1.6487
-1.1041 13.8008 -2.4730
-1.1041 13.8008 2.4730
-1.1041 17.6650 0.0000
-1.1041 17.6650 0.8243
-1.1041 17.6650 -3.2973
-1.1041 17.6650 -0.8243
-1.1041 17.6650 1.6487
-1.1041 17.6650 -1.6487
-1.1041 17.6650 -2.4730
-1.1041 17.6650 -4.1217
-1.1041 21.5292 -0.8243
-1.1041 21.5292 -1.6487
-1.1041 12.6967 0.0000
-1.1041 12.6967 0.8243
-1.1041 12.6967 -0.8243
-1.1041 12.6967 1.6487
-1.1041 12.6967 -1.6487
-1.1041 12.6967 -2.4730
-1.1041 12.6967 2.4730
-1.1041 19.3211 0.0000
-1.1041 19.3211 0.8243
-1.1041 19.3211 -3.2973
-1.1041 19.3211 -0.8243
-1.1041 19.3211 -1.6487
-1.1041 19.3211 -2.4730
-1.1041 19.3211 -4.9460
-1.1041 19.3211 -4.1217
-1.1041 11.5927 0.0000
-1.1041 11.5927 0.8243
-1.1041 11.5927 -0.8243
-1.1041 11.5927 1.6487
-1.1041 11.5927 -1.6487
-1.1041 11.5927 -2.4730
-1.1041 17.1130 0.0000
-1.1041 17.1130 0.8243
-1.1041 17.1130 -3.2973
-1.1041 17.1130 -0.8243
-1.1041 17.1130 1.6487
-1.1041 17.1130 -1.6487
-1.1041 17.1130 -2.4730
-1.1041 17.1130 2.4730
-1.1041 17.1130 -4.1217
-1.1041 15.4569 0.0000
-1.1041 15.4569 0.8243
-1.1041 15.4569 -3.2973
-1.1041 15.4569 -0.8243
-1.1041 15.4569 1.6487
-1.1041 15.4569 -1.6487
-1.1041 15.4569 -2.4730
-1.1041 15.4569 2.4730
-1.1041 15.4569 -4.1217
-1.1041 10.4886 -0.8243
-1.1041 10.4886 -1.6487
-1.1041 20.9772 -0.8243
-1.1041 20.9772 -1.6487
-1.1041 20.9772 -2.4730
-1.1041 14.3528 0.0000
-1.1041 14.3528 0.8243
-1.1041 14.3528 3.2973
-1.1041 14.3528 -3.2973
-1.1041 14.3528 -0.8243
-1.1041 14.3528 1.6487
-1.1041 14.3528 -1.6487
-1.1041 14.3528 -2.4730
-1.1041 14.3528 2.4730
-1.1041 14.3528 4.1217
-1.1041 18.7691 0.0000
-1.1041 18.7691 0.8243
-1.1041 18.7691 -3.2973
-1.1041 18.7691 -0.8243
-1.1041 18.7691 -1.6487
-1.1041 18.7691 -2.4730
-1.1041 18.7691 -4.1217
-1.1041 13.2488 0.0000
-1.1041 13.2488 0.8243
-1.1041 13.2488 -3.2973
-1.1041 13.2488 -0.8243
-1.1041 13.2488 1.6487
-1.1041 13.2488 -1.6487
-1.1041 13.2488 -2.4730
-1.1041 13.2488 2.4730
-1.1041 16.5609 0.0000
-1.1041 16.5609 0.8243
-1.1041 16.5609 -3.2973
-1.1041 16.5609 -0.8243
-1.1041 16.5609 1.6487
-1.1041 16.5609 -1.6487
-1.1041 16.5609 -2.4730
-1.1041 16.5609 2.4730
-1.1041 16.5609 -4.1217
-1.1041 20.4252 0.0000
-1.1041 20.4252 -3.2973
-1.1041 20.4252 -0.8243
-1.1041 20.4252 -1.6487
-1.1041 20.4252 -2.4730
-1.1041 12.1447 0.0000
-1.1041 12.1447 0.8243
-1.1041 12.1447 -0.8243
-1.1041 12.1447 1.6487
-1.1041 12.1447 -1.6487
-1.1041 12.1447 -2.4730
-1.1041 18.2170 0.0000
-1.1041 18.2170 0.8243
-1.1041 18.2170 -3.2973
-1.1041 18.2170 -0.8243
-1.1041 18.2170 1.6487
-1.1041 18.2170 -1.6487
-1.1041 18.2170 -2.4730
-1.1041 18.2170 -4.1217
-1.1041 11.0406 0.0000
-1.1041 11.0406 0.8243
-1.1041 11.0406 -0.8243
-1.1041 11.0406 1.6487
-1.1041 11.0406 -1.6487
-1.1041 22.0812 -0.8243
-1.1041 22.0812 -1.6487
-1.1041 14.9048 0.0000
-1.1041 14.9048 0.8243
-1.1041 14.9048 3.2973
-1.1041 14.9048 -3.2973
-1.1041 14.9048 -0.8243
-1.1041 14.9048 1.6487
-1.1041 14.9048 -1.6487
-1.1041 14.9048 -2.4730
-1.1041 14.9048 2.4730
-1.1041 14.9048 -4.1217
-1.1041 16.0089 0.0000
-1.1041 16.0089 0.8243
-1.1041 16.0089 -3.2973
-1.1041 16.0089 -0.8243
-1.1041 16.0089 1.6487
-1.1041 16.0089 -1.6487
-1.1041 16.0089 -2.4730
-1.1041 16.0089 2.4730
-1.1041 16.0089 -4.1217
-1.1041 19.8731 0.0000
-1.1041 19.8731 -3.2973
-1.1041 19.8731 -0.8243
-1.1041 19.8731 -1.6487
-1.1041 19.8731 -2.4730
-1.1041 19.8731 -4.1217
-1.1041 9.9366 -1.6487
4.4162 13.8008 0.0000
4.4162 13.8008 0.8243
4.4162 13.8008 -3.2973
4.4162 13.8008 -0.8243
4.4162 13.8008 1.6487
4.4162 13.8008 -1.6487
4.4162 13.8008 -2.4730
4.4162 13.8008 -4.9460
4.4162 13.8008 -4.1217
4.4162 17.6650 0.0000
4.4162 17.6650 0.8243
4.4162 17.6650 -3.2973
4.4162 17.6650 -0.8243
4.4162 17.6650 1.6487
4.4162 17.6650 -1.6487
4.4162 17.6650 -2.4730
4.4162 17.6650 -4.9460
4.4162 17.6650 2.4730
4.4162 17.6650 -5.7703
4.4162 17.6650 -4.1217
4.4162 21.5292 0.0000
4.4162 21.5292 -3.2973
4.4162 21.5292 -0.8243
4.4162 21.5292 -1.6487
4.4162 21.5292 -2.4730
4.4162 21.5292 -4.1217
4.4162 12.6967 0.8243
4.4162 12.6967 -3.2973
4.4162 12.6967 1.6487
4.4162 12.6967 -1.6487
4.4162 12.6967 -2.4730
4.4162 12.6967 -4.1217
4.4162 19.3211 0.0000
4.4162 19.3211 0.8243
4.4162 19.3211 -3.2973
4.4162 19.3211 -0.8243
4.4162 19.3211 -1.6487
4.4162 19.3211 -2.4730
4.4162 19.3211 -4.9460
4.4162 19.3211 -5.7703
4.4162 19.3211 -4.1217
4.4162 17.1130 0.0000
4.4162 17.1130 0.8243
4.4162 17.1130 -3.2973
4.4162 17.1130 -0.8243
4.4162 17.1130 1.6487
4.4162 17.1130 -1.6487
4.4162 17.1130 -2.4730
4.4162 17.1130 -4.9460
4.4162 17.1130 2.4730
4.4162 17.1130 -5.7703
4.4162 17.1130 -4.1217
4.4162 15.4569 0.0000
4.4162 15.4569 0.8243
4.4162 15.4569 3.2973
4.4162 15.4569 -3.2973
4.4162 15.4569 -0.8243
4.4162 15.4569 1.6487
4.4162 15.4569 -1.6487
4.4162 15.4569 -2.4730
4.4162 15.4569 -4.9460
4.4162 15.4569 2.4730
4.4162 15.4569 -5.7703
4.4162 15.4569 -4.1217
4.4162 20.9772 0.0000
4.4162 20.9772 -3.2973
4.4162 20.9772 -0.8243
4.4162 20.9772 -1.6487
4.4162 20.9772 -2.4730
4.4162 20.9772 -4.9460
4.4162 20.9772 -4.1217
4.4162 14.3528 0.0000
4.4162 14.3528 0.8243
4.4162 14.3528 -3.2973
4.4162 14.3528 -0.8243
4.4162 14.3528 1.6487
4.4162 14.3528 -1.6487
4.4162 14.3528 -2.4730
4.4162 14.3528 -4.9460
4.4162 14.3528 -5.7703
4.4162 14.3528 -4.1217
4.4162 18.7691 0.0000
4.4162 18.7691 0.8243
4.4162 18.7691 -3.2973
4.4162 18.7691 -6.5947
4.4162 18.7691 -0.8243
4.4162 18.7691 -1.6487
4.4162 18.7691 -2.4730
4.4162 18.7691 -4.9460
4.4162 18.7691 -5.7703
4.4162 18.7691 -4.1217
4.4162 22.6333 -1.6487
4.4162 22.6333 -2.4730
4.4162 13.2488 0.0000
4.4162 13.2488 0.8243
4.4162 13.2488 -3.2973
4.4162 13.2488 -0.8243
4.4162 13.2488 1.6487
4.4162 13.2488 -1.6487
4.4162 13.2488 -2.4730
4.4162 13.2488 -4.1217
4.4162 16.5609 0.0000
4.4162 16.5609 0.8243
4.4162 16.5609 -3.2973
4.4162 16.5609 -0.8243
4.4162 16.5609 1.6487
4.4162 16.5609 -1.6487
4.4162 16.5609 -2.4730
4.4162 16.5609 -4.9460
4.4162 16.5609 2.4730
4.4162 16.5609 -5.7703
4.4162 16.5609 -4.1217
4.4162 20.4252 0.0000
4.4162 20.4252 -3.2973
4.4162 20.4252 -0.8243
4.4162 20.4252 -1.6487
4.4162 20.4252 -2.4730
4.4162 20.4252 -4.9460
4.4162 20.4252 -5.7703
4.4162 20.4252 -4.1217
4.4162 12.1447 1.6487
4.4162 12.1447 -1.6487
4.4162 12.1447 -2.4730
4.4162 18.2170 0.0000
4.4162 18.2170 0.8243
4.4162 18.2170 -3.2973
4.4162 18.2170 -6.5947
4.4162 18.2170 -0.8243
4.4162 18.2170 -1.6487
4.4162 18.2170 -2.4730
4.4162 18.2170 -4.9460
4.4162 18.2170 -5.7703
4.4162 18.2170 -4.1217
4.4162 22.0812 0.0000
4.4162 22.0812 -0.8243
4.4162 22.0812 -1.6487
4.4162 22.0812 -2.4730
4.4162 14.9048 0.0000
4.4162 14.9048 0.8243
4.4162 14.9048 3.2973
4.4162 14.9048 -3.2973
4.4162 14.9048 -0.8243
4.4162 14.9048 1.6487
4.4162 14.9048 -1.6487
4.4162 14.9048 -2.4730
4.4162 14.9048 -4.9460
4.4162 14.9048 2.4730
4.4162 14.9048 -5.7703
4.4162 14.9048 -4.1217
4.4162 16.0089 0.0000
4.4162 16.0089 0.8243
4.4162 16.0089 -3.2973
4.4162 16.0089 -0.8243
4.4162 16.0089 1.6487
4.4162 16.0089 -1.6487
4.4162 16.0089 -2.4730
4.4162 16.0089 -4.9460
4.4162 16.0089 2.4730
4.4162 16.0089 -5.7703
4.4162 16.0089 -4.1217
4.4162 19.8731 0.0000
4.4162 19.8731 0.8243
4.4162 19.8731 -3.2973
4.4162 19.8731 -0.8243
4.4162 19.8731 -1.6487
4.4162 19.8731 -2.4730
4.4162 19.8731 -4.9460
4.4162 19.8731 -5.7703
4.4162 19.8731 -4.1217
-4.4162 13.8008 0.0000
-4.4162 13.8008 0.8243
-4.4162 13.8008 -0.8243
-4.4162 13.8008 1.6487
-4.4162 13.8008 -1.6487
-4.4162 17.6650 0.0000
-4.4162 17.6650 0.8243
-4.4162 17.6650 -3.2973
-4.4162 17.6650 -0.8243
-4.4162 17.6650 1.6487
-4.4162 17.6650 -1.6487
-4.4162 17.6650 -2.4730
-4.4162 12.6967 0.0000
-4.4162 12.6967 0.8243
-4.4162 12.6967 -0.8243
-4.4162 19.3211 0.0000
-4.4162 11.5927 -0.8243
-4.4162 17.1130 0.0000
-4.4162 17.1130 0.8243
-4.4162 17.1130 -3.2973
-4.4162 17.1130 -0.8243
-4.4162 17.1130 1.6487
-4.4162 17.1130 -1.6487
-4.4162 17.1130 -2.4730
-4.4162 15.4569 0.0000
-4.4162 15.4569 0.8243
-4.4162 15.4569 -0.8243
-4.4162 15.4569 1.6487
-4.4162 15.4569 -1.6487
-4.4162 15.4569 -2.4730
-4.4162 15.4569 2.4730
-4.4162 14.3528 0.0000
-4.4162 14.3528 0.8243
-4.4162 14.3528 -0.8243
-4.4162 14.3528 1.6487
-4.4162 14.3528 -1.6487
-4.4162 14.3528 -2.4730
-4.4162 18.7691 0.0000
-4.4162 18.7691 -0.8243
-4.4162 13.2488 0.0000
-4.4162 13.2488 0.8243
-4.4162 13.2488 -0.8243
-4.4162 13.2488 1.6487
-4.4162 13.2488 -1.6487
-4.4162 16.5609 0.0000
-4.4162 16.5609 0.8243
-4.4162 16.5609 -3.2973
-4.4162 16.5609 -0.8243
-4.4162 16.5609 1.6487
-4.4162 16.5609 -1.6487
-4.4162 16.5609 -2.4730
-4.4162 16.5609 2.4730
-4.4162 12.1447 0.0000
-4.4162 12.1447 0.8243
-4.4162 12.1447 -0.8243
-4.4162 18.2170 0.0000
-4.4162 18.2170 -0.8243
-4.4162 18.2170 -1.6487
-4.4162 18.2170 -2.4730
-4.4162 14.9048 0.0000
-4.4162 14.9048 0.8243
-4.4162 14.9048 -0.8243
-4.4162 14.9048 1.6487
-4.4162 14.9048 -1.6487
-4.4162 14.9048 -2.4730
-4.4162 16.0089 0.0000
-4.4162 16.0089 0.8243
-4.4162 16.0089 -0.8243
-4.4162 16.0089 1.6487
-4.4162 16.0089 -1.6487
-4.4162 16.0089 -2.4730
-4.4162 16.0089 2.4730
2.2081 13.8008 0.0000
2.2081 13.8008 0.8243
2.2081 13.8008 3.2973
2.2081 13.8008 -3.2973
2.2081 13.8008 -0.8243
2.2081 13.8008 1.6487
2.2081 13.8008 -1.6487
2.2081 13.8008 -2.4730
2.2081 13.8008 -4.9460
2.2081 13.8008 2.4730
2.2081 13.8008 -4.1217
2.2081 17.6650 0.0000
2.2081 17.6650 0.8243
2.2081 17.6650 -3.2973
2.2081 17.6650 -0.8243
2.2081 17.6650 1.6487
2.2081 17.6650 -1.6487
2.2081 17.6650 -2.4730
2.2081 17.6650 -4.9460
2.2081 17.6650 2.4730
2.2081 17.6650 -5.7703
2.2081 17.6650 -4.1217
2.2081 21.5292 0.0000
2.2081 21.5292 -3.2973
2.2081 21.5292 -0.8243
2.2081 21.5292 -1.6487
2.2081 21.5292 -2.4730
2.2081 21.5292 -4.9460
2.2081 21.5292 -5.7703
2.2081 21.5292 -4.1217
2.2081 12.6967 0.0000
2.2081 12.6967 0.8243
2.2081 12.6967 3.2973
2.2081 12.6967 -3.2973
2.2081 12.6967 -0.8243
2.2081 12.6967 1.6487
2.2081 12.6967 -1.6487
2.2081 12.6967 -2.4730
2.2081 12.6967 2.4730
2.2081 12.6967 -4.1217
2.2081 19.3211 0.0000
2.2081 19.3211 0.8243
2.2081 19.3211 -3.2973
2.2081 19.3211 -0.8243
2.2081 19.3211 -1.6487
2.2081 19.3211 -2.4730
2.2081 19.3211 -4.9460
2.2081 19.3211 -5.7703
2.2081 19.3211 -4.1217
2.2081 23.1853 -3.2973
2.2081 23.1853 -1.6487
2.2081 23.1853 -2.4730
2.2081 11.5927 0.0000
2.2081 11.5927 0.8243
2.2081 11.5927 -3.2973
2.2081 11.5927 -0.8243
2.2081 11.5927 1.6487
2.2081 11.5927 -1.6487
2.2081 11.5927 -2.4730
2.2081 11.5927 2.4730
2.2081 11.5927 -4.1217
2.2081 17.1130 0.0000
2.2081 17.1130 0.8243
2.2081 17.1130 -3.2973
2.2081 17.1130 -0.8243
2.2081 17.1130 1.6487
2.2081 17.1130 -1.6487
2.2081 17.1130 -2.4730
2.2081 17.1130 -4.9460
2.2081 17.1130 2.4730
2.2081 17.1130 -4.1217
2.2081 15.4569 0.0000
2.2081 15.4569 0.8243
2.2081 15.4569 -3.2973
2.2081 15.4569 -0.8243
2.2081 15.4569 1.6487
2.2081 15.4569 -1.6487
2.2081 15.4569 -2.4730
2.2081 15.4569 -4.9460
2.2081 15.4569 2.4730
2.2081 15.4569 -4.1217
2.2081 10.4886 0.8243
2.2081 10.4886 -3.2973
2.2081 10.4886 1.6487
2.2081 10.4886 -1.6487
2.2081 10.4886 -2.4730
2.2081 20.9772 0.0000
2.2081 20.9772 -3.2973
2.2081 20.9772 -6.5947
2.2081 20.9772 -0.8243
2.2081 20.9772 -1.6487
2.2081 20.9772 -2.4730
2.2081 20.9772 -4.9460
2.2081 20.9772 -5.7703
2.2081 20.9772 -4.1217
2.2081 14.3528 0.0000
2.2081 14.3528 0.8243
2.2081 14.3528 3.2973
2.2081 14.3528 -3.2973
2.2081 14.3528 -0.8243
2.2081 14.3528 1.6487
2.2081 14.3528 -1.6487
2.2081 14.3528 -2.4730
2.2081 14.3528 -4.9460
2.2081 14.3528 2.4730
2.2081 14.3528 -4.1217
2.2081 18.7691 0.0000
2.2081 18.7691 0.8243
2.2081 18.7691 -3.2973
2.2081 18.7691 -0.8243
2.2081 18.7691 -1.6487
2.2081 18.7691 -2.4730
2.2081 18.7691 -4.9460
2.2081 18.7691 -5.7703
2.2081 18.7691 -4.1217
2.2081 22.6333 -3.2973
2.2081 22.6333 -0.8243
2.2081 22.6333 -1.6487
2.2081 22.6333 -2.4730
2.2081 22.6333 -4.9460
2.2081 22.6333 -4.1217
2.2081 13.2488 0.0000
2.2081 13.2488 0.8243
2.2081 13.2488 3.2973
2.2081 13.2488 -3.2973
2.2081 13.2488 -0.8243
2.2081 13.2488 1.6487
2.2081 13.2488 -1.6487
2.2081 13.2488 -2.4730
2.2081 13.2488 -4.9460
2.2081 13.2488 2.4730
2.2081 13.2488 -4.1217
2.2081 16.5609 0.0000
2.2081 16.5609 0.8243
2.2081 16.5609 -3.2973
2.2081 16.5609 -0.8243
2.2081 16.5609 1.6487
2.2081 16.5609 -1.6487
2.2081 16.5609 -2.4730
2.2081 16.5609 -4.9460
2.2081 16.5609 2.4730
2.2081 16.5609 -4.1217
2.2081 20.4252 0.0000
2.2081 20.4252 -3.2973
2.2081 20.4252 -6.5947
2.2081 20.4252 -0.8243
2.2081 20.4252 -1.6487
2.2081 20.4252 -2.4730
2.2081 20.4252 -4.9460
2.2081 20.4252 -5.7703
2.2081 20.4252 -4.1217
2.2081 12.1447 0.0000
2.2081 12.1447 0.8243
2.2081 12.1447 -3.2973
2.2081 12.1447 -0.8243
2.2081 12.1447 1.6487
2.2081 12.1447 -1.6487
2.2081 12.1447 -2.4730
2.2081 12.1447 2.4730
2.2081 12.1447 -4.1217
2.2081 18.2170 0.0000
2.2081 18.2170 0.8243
2.2081 18.2170 -3.2973
2.2081 18.2170 -0.8243
2.2081 18.2170 1.6487
2.2081 18.2170 -1.6487
2.2081 18.2170 -2.4730
2.2081 18.2170 -4.9460
2.2081 18.2170 -5.7703
2.2081 18.2170 -4.1217
2.2081 11.0406 0.0000
2.2081 11.0406 0.8243
2.2081 11.0406 -3.2973
2.2081 11.0406 -0.8243
2.2081 11.0406 1.6487
2.2081 11.0406 -1.6487
2.2081 11.0406 -2.4730
2.2081 11.0406 2.4730
2.2081 11.0406 -4.1217
2.2081 22.0812 -3.2973
2.2081 22.0812 -0.8243
2.2081 22.0812 -1.6487
2.2081 22.0812 -2.4730
2.2081 22.0812 -4.9460
2.2081 22.0812 -4.1217
2.2081 14.9048 0.0000
2.2081 14.9048 0.8243
2.2081 14.9048 3.2973
2.2081 14.9048 -3.2973
2.2081 14.9048 -0.8243
2.2081 14.9048 1.6487
2.2081 14.9048 -1.6487
2.2081 14.9048 -2.4730
2.2081 14.9048 -4.9460
2.2081 14.9048 2.4730
2.2081 14.9048 -4.1217
2.2081 16.0089 0.0000
2.2081 16.0089 0.8243
2.2081 16.0089 -3.2973
2.2081 16.0089 -0.8243
2.2081 16.0089 1.6487
2.2081 16.0089 -1.6487
2.2081 16.0089 -2.4730
2.2081 16.0089 -4.9460
2.2081 16.0089 2.4730
2.2081 16.0089 -4.1217
2.2081 19.8731 0.0000
2.2081 19.8731 0.8243
2.2081 19.8731 -3.2973
2.2081 19.8731 -0.8243
2.2081 19.8731 -1.6487
2.2081 19.8731 -2.4730
2.2081 19.8731 -4.9460
2.2081 19.8731 -5.7703
2.2081 19.8731 -4.1217
2.2081 9.9366 -1.6487
2.2081 9.9366 -2.4730
2.2081 23.7373 -3.2973
2.2081 23.7373 -1.6487
2.2081 23.7373 -2.4730
-2.2081 13.8008 0.0000
-2.2081 13.8008 0.8243
-2.2081 13.8008 -0.8243
-2.2081 13.8008 1.6487
-2.2081 13.8008 -1.6487
-2.2081 13.8008 -2.4730
-2.2081 13.8008 2.4730
-2.2081 17.6650 0.0000
-2.2081 17.6650 0.8243
-2.2081 17.6650 -3.2973
-2.2081 17.6650 -0.8243
-2.2081 17.6650 1.6487
-2.2081 17.6650 -1.6487
-2.2081 17.6650 -2.4730
-2.2081 17.6650 -4.1217
-2.2081 21.5292 -1.6487
-2.2081 12.6967 0.0000
-2.2081 12.6967 0.8243
-2.2081 12.6967 -0.8243
-2.2081 12.6967 1.6487
-2.2081 12.6967 -1.6487
-2.2081 19.3211 0.0000
-2.2081 19.3211 -3.2973
-2.2081 19.3211 -0.8243
-2.2081 19.3211 -1.6487
-2.2081 19.3211 -2.4730
-2.2081 11.5927 0.0000
-2.2081 11.5927 0.8243
-2.2081 11.5927 -0.8243
-2.2081 11.5927 -1.6487
-2.2081 17.1130 0.0000
-2.2081 17.1130 0.8243
-2.2081 17.1130 -3.2973
-2.2081 17.1130 -0.8243
-2.2081 17.1130 1.6487
-2.2081 17.1130 -1.6487
-2.2081 17.1130 -2.4730
-2.2081 17.1130 2.4730
-2.2081 17.1130 -4.1217
-2.2081 15.4569 0.0000
-2.2081 15.4569 0.8243
-2.2081 15.4569 3.2973
-2.2081 15.4569 -3.2973
-2.2081 15.4569 -0.8243
-2.2081 15.4569 1.6487
-2.2081 15.4569 -1.6487
-2.2081 15.4569 -2.4730
-2.2081 15.4569 2.4730
-2.2081 10.4886 -0.8243
-2.2081 20.9772 -0.8243
-2.2081 20.9772 -1.6487
-2.2081 14.3528 0.0000
-2.2081 14.3528 0.8243
-2.2081 14.3528 3.2973
-2.2081 14.3528 -0.8243
-2.2081 14.3528 1.6487
-2.2081 14.3528 -1.6487
-2.2081 14.3528 -2.4730
-2.2081 14.3528 2.4730
-2.2081 18.7691 0.0000
-2.2081 18.7691 0.8243
-2.2081 18.7691 -3.2973
-2.2081 18.7691 -0.8243
-2.2081 18.7691 -1.6487
-2.2081 18.7691 -2.4730
-2.2081 18.7691 -4.1217
-2.2081 13.2488 0.0000
-2.2081 13.2488 0.8243
-2.2081 13.2488 -0.8243
-2.2081 13.2488 1.6487
-2.2081 13.2488 -1.6487
-2.2081 13.2488 -2.4730
-2.2081 13.2488 2.4730
-2.2081 16.5609 0.0000
-2.2081 16.5609 0.8243
-2.2081 16.5609 -3.2973
-2.2081 16.5609 -0.8243
-2.2081 16.5609 1.6487
-2.2081 16.5609 -1.6487
-2.2081 16.5609 -2.4730
-2.2081 16.5609 2.4730
-2.2081 16.5609 -4.1217
-2.2081 20.4252 -0.8243
-2.2081 20.4252 -1.6487
-2.2081 20.4252 -2.4730
-2.2081 12.1447 0.0000
-2.2081 12.1447 0.8243
-2.2081 12.1447 -0.8243
-2.2081 12.1447 1.6487
-2.2081 12.1447 -1.6487
-2.2081 18.2170 0.0000
-2.2081 18.2170 0.8243
-2.2081 18.2170 -3.2973
-2.2081 18.2170 -0.8243
-2.2081 18.2170 1.6487
-2.2081 18.2170 -1.6487
-2.2081 18.2170 -2.4730
-2.2081 18.2170 -4.1217
-2.2081 11.0406 0.0000
-2.2081 11.0406 -0.8243
-2.2081 11.0406 -1.6487
-2.2081 14.9048 0.0000
-2.2081 14.9048 0.8243
-2.2081 14.9048 3.2973
-2.2081 14.9048 -0.8243
-2.2081 14.9048 1.6487
-2.2081 14.9048 -1.6487
-2.2081 14.9048 -2.4730
-2.2081 14.9048 2.4730
-2.2081 16.0089 0.0000
-2.2081 16.0089 0.8243
-2.2081 16.0089 -3.2973
-2.2081 16.0089 -0.8243
-2.2081 16.0089 1.6487
-2.2081 16.0089 -1.6487
-2.2081 16.0089 -2.4730
-2.2081 16.0089 2.4730
-2.2081 19.8731 0.0000
-2.2081 19.8731 -0.8243
-2.2081 19.8731 -1.6487
-2.2081 19.8731 -2.4730
3.8642 13.8008 0.0000
3.8642 13.8008 0.8243
3.8642 13.8008 -3.2973
3.8642 13.8008 -0.8243
3.8642 13.8008 1.6487
3.8642 13.8008 -1.6487
3.8642 13.8008 -2.4730
3.8642 13.8008 -4.9460
3.8642 13.8008 2.4730
3.8642 13.8008 -4.1217
3.8642 17.6650 0.0000
3.8642 17.6650 0.8243
3.8642 17.6650 -3.2973
3.8642 17.6650 -0.8243
3.8642 17.6650 1.6487
3.8642 17.6650 -1.6487
3.8642 17.6650 -2.4730
3.8642 17.6650 -4.9460
3.8642 17.6650 2.4730
3.8642 17.6650 -5.7703
3.8642 17.6650 -4.1217
3.8642 21.5292 0.0000
3.8642 21.5292 -3.2973
3.8642 21.5292 -0.8243
3.8642 21.5292 -1.6487
3.8642 21.5292 -2.4730
3.8642 21.5292 -4.9460
3.8642 21.5292 -4.1217
3.8642 12.6967 0.0000
3.8642 12.6967 0.8243
3.8642 12.6967 -3.2973
3.8642 12.6967 -0.8243
3.8642 12.6967 1.6487
3.8642 12.6967 -1.6487
3.8642 12.6967 -2.4730
3.8642 12.6967 -4.9460
3.8642 12.6967 -4.1217
3.8642 19.3211 0.0000
3.8642 19.3211 0.8243
3.8642 19.3211 -3.2973
3.8642 19.3211 -6.5947
3.8642 19.3211 -0.8243
3.8642 19.3211 -1.6487
3.8642 19.3211 -2.4730
3.8642 19.3211 -4.9460
3.8642 19.3211 -5.7703
3.8642 19.3211 -4.1217
3.8642 23.1853 -1.6487
3.8642 23.1853 -2.4730
3.8642 11.5927 -3.2973
3.8642 11.5927 1.6487
3.8642 11.5927 -1.6487
3.8642 11.5927 -2.4730
3.8642 17.1130 0.0000
3.8642 17.1130 0.8243
3.8642 17.1130 -3.2973
3.8642 17.1130 -0.8243
3.8642 17.1130 1.6487
3.8642 17.1130 -1.6487
3.8642 17.1130 -2.4730
3.8642 17.1130 -4.9460
3.8642 17.1130 2.4730
3.8642 17.1130 -5.7703
3.8642 17.1130 -4.1217
3.8642 15.4569 0.0000
3.8642 15.4569 0.8243
3.8642 15.4569 -3.2973
3.8642 15.4569 -0.8243
3.8642 15.4569 1.6487
3.8642 15.4569 -1.6487
3.8642 15.4569 -2.4730
3.8642 15.4569 -4.9460
3.8642 15.4569 2.4730
3.8642 15.4569 -4.1217
3.8642 10.4886 -1.6487
3.8642 20.9772 0.0000
3.8642 20.9772 -3.2973
3.8642 20.9772 -0.8243
3.8642 20.9772 -1.6487
3.8642 20.9772 -2.4730
3.8642 20.9772 -4.9460
3.8642 20.9772 -5.7703
3.8642 20.9772 -4.1217
3.8642 14.3528 0.0000
3.8642 14.3528 0.8243
3.8642 14.3528 3.2973
3.8642 14.3528 -3.2973
3.8642 14.3528 -0.8243
3.8642 14.3528 1.6487
3.8642 14.3528 -1.6487
3.8642 14.3528 -2.4730
3.8642 14.3528 -4.9460
3.8642 14.3528 2.4730
3.8642 14.3528 -4.1217
3.8642 18.7691 0.0000
3.8642 18.7691 0.8243
3.8642 18.7691 -3.2973
3.8642 18.7691 -6.5947
3.8642 18.7691 -0.8243
3.8642 18.7691 -1.6487
3.8642 18.7691 -2.4730
3.8642 18.7691 -4.9460
3.8642 18.7691 -5.7703
3.8642 18.7691 -4.1217
3.8642 22.6333 -3.2973
3.8642 22.6333 -1.6487
3.8642 22.6333 -2.4730
3.8642 13.2488 0.0000
3.8642 13.2488 0.8243
3.8642 13.2488 -3.2973
3.8642 13.2488 -0.8243
3.8642 13.2488 1.6487
3.8642 13.2488 -1.6487
3.8642 13.2488 -2.4730
3.8642 13.2488 -4.9460
3.8642 13.2488 2.4730
3.8642 13.2488 -4.1217
3.8642 16.5609 0.0000
3.8642 16.5609 0.8243
3.8642 16.5609 -3.2973
3.8642 16.5609 -0.8243
3.8642 16.5609 1.6487
3.8642 16.5609 -1.6487
3.8642 16.5609 -2.4730
3.8642 16.5609 -4.9460
3.8642 16.5609 2.4730
3.8642 16.5609 -5.7703
3.8642 16.5609 -4.1217
3.8642 20.4252 0.0000
3.8642 20.4252 -3.2973
3.8642 20.4252 -6.5947
3.8642 20.4252 -0.8243
3.8642 20.4252 -1.6487
3.8642 20.4252 -2.4730
3.8642 20.4252 -4.9460
3.8642 20.4252 -5.7703
3.8642 20.4252 -4.1217
3.8642 12.1447 0.0000
3.8642 12.1447 0.8243
3.8642 12.1447 -3.2973
3.8642 12.1447 -0.8243
3.8642 12.1447 1.6487
3.8642 12.1447 -1.6487
3.8642 12.1447 -2.4730
3.8642 12.1447 -4.1217
3.8642 18.2170 0.0000
3.8642 18.2170 0.8243
3.8642 18.2170 -3.2973
3.8642 18.2170 -0.8243
3.8642 18.2170 -1.6487
3.8642 18.2170 -2.4730
3.8642 18.2170 -4.9460
3.8642 18.2170 -5.7703
3.8642 18.2170 -4.1217
3.8642 11.0406 -1.6487
3.8642 22.0812 0.0000
3.8642 22.0812 -3.2973
3.8642 22.0812 -0.8243
3.8642 22.0812 -1.6487
3.8642 22.0812 -2.4730
3.8642 22.0812 -4.1217
3.8642 14.9048 0.0000
3.8642 14.9048 0.8243
3.8642 14.9048 3.2973
3.8642 14.9048 -3.2973
3.8642 14.9048 -0.8243
3.8642 14.9048 1.6487
3.8642 14.9048 -1.6487
3.8642 14.9048 -2.4730
3.8642 14.9048 -4.9460
3.8642 14.9048 2.4730
3.8642 14.9048 -4.1217
3.8642 16.0089 0.0000
3.8642 16.0089 0.8243
3.8642 16.0089 -3.2973
3.8642 16.0089 -0.8243
3.8642 16.0089 1.6487
3.8642 16.0089 -1.6487
3.8642 16.0089 -2.4730
3.8642 16.0089 -4.9460
3.8642 16.0089 2.4730
3.8642 16.0089 -4.1217
3.8642 19.8731 0.0000
3.8642 19.8731 0.8243
3.8642 19.8731 -3.2973
3.8642 19.8731 -6.5947
3.8642 19.8731 -0.8243
3.8642 19.8731 -1.6487
3.8642 19.8731 -2.4730
3.8642 19.8731 -4.9460
3.8642 19.8731 -5.7703
3.8642 19.8731 -4.1217
-3.8642 13.8008 0.0000
-3.8642 13.8008 0.8243
-3.8642 13.8008 -0.8243
-3.8642 13.8008 1.6487
-3.8642 13.8008 -1.6487
-3.8642 17.6650 0.0000
-3.8642 17.6650 0.8243
-3.8642 17.6650 -3.2973
-3.8642 17.6650 -0.8243
-3.8642 17.6650 1.6487
-3.8642 17.6650 -1.6487
-3.8642 17.6650 -2.4730
-3.8642 12.6967 0.0000
-3.8642 12.6967 0.8243
-3.8642 12.6967 -0.8243
-3.8642 12.6967 -1.6487
-3.8642 19.3211 0.0000
-3.8642 19.3211 -0.8243
-3.8642 11.5927 -0.8243
-3.8642 17.1130 0.0000
-3.8642 17.1130 0.8243
-3.8642 17.1130 -3.2973
-3.8642 17.1130 -0.8243
-3.8642 17.1130 1.6487
-3.8642 17.1130 -1.6487
-3.8642 17.1130 -2.4730
-3.8642 15.4569 0.0000
-3.8642 15.4569 0.8243
-3.8642 15.4569 3.2973
-3.8642 15.4569 -0.8243
-3.8642 15.4569 1.6487
-3.8642 15.4569 -1.6487
-3.8642 15.4569 -2.4730
-3.8642 15.4569 2.4730
-3.8642 14.3528 0.0000
-3.8642 14.3528 0.8243
-3.8642 14.3528 -0.8243
-3.8642 14.3528 1.6487
-3.8642 14.3528 -1.6487
-3.8642 14.3528 -2.4730
-3.8642 18.7691 0.0000
-3.8642 18.7691 -0.8243
-3.8642 18.7691 -1.6487
-3.8642 18.7691 -2.4730
-3.8642 13.2488 0.0000
-3.8642 13.2488 0.8243
-3.8642 13.2488 -0.8243
-3.8642 13.2488 1.6487
-3.8642 13.2488 -1.6487
-3.8642 16.5609 0.0000
-3.8642 16.5609 0.8243
-3.8642 16.5609 -3.2973
-3.8642 16.5609 -0.8243
-3.8642 16.5609 1.6487
-3.8642 16.5609 -1.6487
-3.8642 16.5609 -2.4730
-3.8642 16.5609 2.4730
-3.8642 12.1447 0.0000
-3.8642 12.1447 0.8243
-3.8642 12.1447 -0.8243
-3.8642 18.2170 0.0000
-3.8642 18.2170 0.8243
-3.8642 18.2170 -3.2973
-3.8642 18.2170 -0.8243
-3.8642 18.2170 -1.6487
-3.8642 18.2170 -2.4730
-3.8642 14.9048 0.0000
-3.8642 14.9048 0.8243
-3.8642 14.9048 3.2973
-3.8642 14.9048 -0.8243
-3.8642 14.9048 1.6487
-3.8642 14.9048 -1.6487
-3.8642 14.9048 -2.4730
-3.8642 14.9048 2.4730
-3.8642 16.0089 0.0000
-3.8642 16.0089 0.8243
-3.8642 16.0089 -3.2973
-3.8642 16.0089 -0.8243
-3.8642 16.0089 1.6487
-3.8642 16.0089 -1.6487
-3.8642 16.0089 -2.4730
-3.8642 16.0089 2.4730
-3.8642 19.8731 -0.8243
-7.7284 13.8008 0.0000
-7.7284 15.4569 0.0000
-7.7284 15.4569 -0.8243
-7.7284 14.3528 0.0000
-7.7284 14.3528 -0.8243
-7.7284 14.9048 0.0000
-7.7284 14.9048 -0.8243
-7.7284 16.0089 -0.8243
-7.1764 13.8008 0.0000
-7.1764 13.8008 -0.8243
-7.1764 15.4569 0.0000
-7.1764 15.4569 0.8243
-7.1764 15.4569 -0.8243
-7.1764 14.3528 0.0000
-7.1764 14.3528 -0.8243
-7.1764 13.2488 0.0000
-7.1764 16.5609 0.0000
-7.1764 16.5609 0.8243
-7.1764 16.5609 1.6487
-7.1764 14.9048 0.0000
-7.1764 14.9048 -0.8243
-7.1764 16.0089 0.0000
-7.1764 16.0089 0.8243
-7.1764 16.0089 -0.8243
-7.1764 16.0089 1.6487
1.6561 13.8008 0.0000
1.6561 13.8008 0.8243
1.6561 13.8008 3.2973
1.6561 13.8008 -3.2973
1.6561 13.8008 -0.8243
1.6561 13.8008 1.6487
1.6561 13.8008 -1.6487
1.6561 13.8008 -2.4730
1.6561 13.8008 -4.9460
1.6561 13.8008 2.4730
1.6561 13.8008 -4.1217
1.6561 17.6650 0.0000
1.6561 17.6650 0.8243
1.6561 17.6650 -3.2973
1.6561 17.6650 -0.8243
1.6561 17.6650 1.6487
1.6561 17.6650 -1.6487
1.6561 17.6650 -2.4730
1.6561 17.6650 -4.9460
1.6561 17.6650 2.4730
1.6561 17.6650 -4.1217
1.6561 21.5292 0.0000
1.6561 21.5292 -3.2973
1.6561 21.5292 -0.8243
1.6561 21.5292 -1.6487
1.6561 21.5292 -2.4730
1.6561 21.5292 -4.9460
1.6561 21.5292 -4.1217
1.6561 12.6967 0.0000
1.6561 12.6967 0.8243
1.6561 12.6967 3.2973
1.6561 12.6967 -3.2973
1.6561 12.6967 -0.8243
1.6561 12.6967 1.6487
1.6561 12.6967 -1.6487
1.6561 12.6967 -2.4730
1.6561 12.6967 2.4730
1.6561 12.6967 -4.1217
1.6561 19.3211 0.0000
1.6561 19.3211 0.8243
1.6561 19.3211 -3.2973
1.6561 19.3211 -0.8243
1.6561 19.3211 -1.6487
1.6561 19.3211 -2.4730
1.6561 19.3211 -4.9460
1.6561 19.3211 -5.7703
1.6561 19.3211 -4.1217
1.6561 23.1853 -3.2973
1.6561 23.1853 -1.6487
1.6561 23.1853 -2.4730
1.6561 11.5927 0.0000
1.6561 11.5927 0.8243
1.6561 11.5927 -3.2973
1.6561 11.5927 -0.8243
1.6561 11.5927 1.6487
1.6561 11.5927 -1.6487
1.6561 11.5927 -2.4730
1.6561 11.5927 2.4730
1.6561 11.5927 -4.1217
1.6561 17.1130 0.0000
1.6561 17.1130 0.8243
1.6561 17.1130 -3.2973
1.6561 17.1130 -0.8243
1.6561 17.1130 1.6487
1.6561 17.1130 -1.6487
1.6561 17.1130 -2.4730
1.6561 17.1130 -4.9460
1.6561 17.1130 2.4730
1.6561 17.1130 -4.1217
1.6561 15.4569 0.0000
1.6561 15.4569 0.8243
1.6561 15.4569 -3.2973
1.6561 15.4569 -0.8243
1.6561 15.4569 1.6487
1.6561 15.4569 -1.6487
1.6561 15.4569 -2.4730
1.6561 15.4569 -4.9460
1.6561 15.4569 2.4730
1.6561 15.4569 -4.1217
1.6561 10.4886 0.0000
1.6561 10.4886 0.8243
1.6561 10.4886 -3.2973
1.6561 10.4886 -0.8243
1.6561 10.4886 1.6487
1.6561 10.4886 -1.6487
1.6561 10.4886 -2.4730
1.6561 10.4886 2.4730
1.6561 20.9772 0.0000
1.6561 20.9772 -3.2973
1.6561 20.9772 -6.5947
1.6561 20.9772 -0.8243
1.6561 20.9772 -1.6487
1.6561 20.9772 -2.4730
1.6561 20.9772 -4.9460
1.6561 20.9772 -5.7703
1.6561 20.9772 -4.1217
1.6561 14.3528 0.0000
1.6561 14.3528 0.8243
1.6561 14.3528 3.2973
1.6561 14.3528 -3.2973
1.6561 14.3528 -0.8243
1.6561 14.3528 1.6487
1.6561 14.3528 -1.6487
1.6561 14.3528 -2.4730
1.6561 14.3528 -4.9460
1.6561 14.3528 2.4730
1.6561 14.3528 -4.1217
1.6561 9.3845 -1.6487
1.6561 18.7691 0.0000
1.6561 18.7691 0.8243
1.6561 18.7691 -3.2973
1.6561 18.7691 -0.8243
1.6561 18.7691 -1.6487
1.6561 18.7691 -2.4730
1.6561 18.7691 -4.9460
1.6561 18.7691 -5.7703
1.6561 18.7691 -4.1217
1.6561 22.6333 -3.2973
1.6561 22.6333 -0.8243
1.6561 22.6333 -1.6487
1.6561 22.6333 -2.4730
1.6561 22.6333 -4.9460
1.6561 22.6333 -4.1217
1.6561 13.2488 0.0000
1.6561 13.2488 0.8243
1.6561 13.2488 3.2973
1.6561 13.2488 -3.2973
1.6561 13.2488 -0.8243
1.6561 13.2488 1.6487
1.6561 13.2488 -1.6487
1.6561 13.2488 -2.4730
1.6561 13.2488 2.4730
1.6561 13.2488 -4.1217
1.6561 16.5609 0.0000
1.6561 16.5609 0.8243
1.6561 16.5609 -3.2973
1.6561 16.5609 -0.8243
1.6561 16.5609 1.6487
1.6561 16.5609 -1.6487
1.6561 16.5609 -2.4730
1.6561 16.5609 -4.9460
1.6561 16.5609 2.4730
1.6561 16.5609 -4.1217
1.6561 20.4252 0.0000
1.6561 20.4252 -3.2973
1.6561 20.4252 -6.5947
1.6561 20.4252 -0.8243
1.6561 20.4252 -1.6487
1.6561 20.4252 -2.4730
1.6561 20.4252 -4.9460
1.6561 20.4252 -5.7703
1.6561 20.4252 -4.1217
1.6561 12.1447 0.0000
1.6561 12.1447 0.8243
1.6561 12.1447 3.2973
1.6561 12.1447 -3.2973
1.6561 12.1447 -0.8243
1.6561 12.1447 1.6487
1.6561 12.1447 -1.6487
1.6561 12.1447 -2.4730
1.6561 12.1447 2.4730
1.6561 12.1447 -4.1217
1.6561 24.2894 -1.6487
1.6561 24.2894 -2.4730
1.6561 18.2170 0.0000
1.6561 18.2170 0.8243
1.6561 18.2170 -3.2973
1.6561 18.2170 -0.8243
1.6561 18.2170 1.6487
1.6561 18.2170 -1.6487
1.6561 18.2170 -2.4730
1.6561 18.2170 -4.9460
1.6561 18.2170 -5.7703
1.6561 18.2170 -4.1217
1.6561 11.0406 0.0000
1.6561 11.0406 0.8243
1.6561 11.0406 -3.2973
1.6561 11.0406 -0.8243
1.6561 11.0406 1.6487
1.6561 11.0406 -1.6487
1.6561 11.0406 -2.4730
1.6561 11.0406 2.4730
1.6561 22.0812 -3.2973
1.6561 22.0812 -0.8243
1.6561 22.0812 -1.6487
1.6561 22.0812 -2.4730
1.6561 22.0812 -4.9460
1.6561 22.0812 -4.1217
1.6561 14.9048 0.0000
1.6561 14.9048 0.8243
1.6561 14.9048 3.2973
1.6561 14.9048 -3.2973
1.6561 14.9048 -0.8243
1.6561 14.9048 1.6487
1.6561 14.9048 -1.6487
1.6561 14.9048 -2.4730
1.6561 14.9048 -4.9460
1.6561 14.9048 2.4730
1.6561 14.9048 -4.1217
1.6561 16.0089 0.0000
1.6561 16.0089 0.8243
1.6561 16.0089 -3.2973
1.6561 16.0089 -0.8243
1.6561 16.0089 1.6487
1.6561 16.0089 -1.6487
1.6561 16.0089 -2.4730
1.6561 16.0089 -4.9460
1.6561 16.0089 2.4730
1.6561 16.0089 -4.1217
1.6561 19.8731 0.0000
1.6561 19.8731 0.8243
1.6561 19.8731 -3.2973
1.6561 19.8731 -0.8243
1.6561 19.8731 -1.6487
1.6561 19.8731 -2.4730
1.6561 19.8731 -4.9460
1.6561 19.8731 -5.7703
1.6561 19.8731 -4.1217
1.6561 9.9366 -3.2973
1.6561 9.9366 -1.6487
1.6561 9.9366 -2.4730
1.6561 23.7373 -3.2973
1.6561 23.7373 -1.6487
1.6561 23.7373 -2.4730
-1.6561 13.8008 0.0000
-1.6561 13.8008 0.8243
-1.6561 13.8008 3.2973
-1.6561 13.8008 -3.2973
-1.6561 13.8008 -0.8243
-1.6561 13.8008 1.6487
-1.6561 13.8008 -1.6487
-1.6561 13.8008 -2.4730
-1.6561 13.8008 2.4730
-1.6561 17.6650 0.0000
-1.6561 17.6650 0.8243
-1.6561 17.6650 -3.2973
-1.6561 17.6650 -0.8243
-1.6561 17.6650 1.6487
-1.6561 17.6650 -1.6487
-1.6561 17.6650 -2.4730
-1.6561 17.6650 -4.1217
-1.6561 21.5292 -0.8243
-1.6561 21.5292 -1.6487
-1.6561 12.6967 0.0000
-1.6561 12.6967 0.8243
-1.6561 12.6967 -0.8243
-1.6561 12.6967 1.6487
-1.6561 12.6967 -1.6487
-1.6561 12.6967 -2.4730
-1.6561 19.3211 0.0000
-1.6561 19.3211 0.8243
-1.6561 19.3211 -3.2973
-1.6561 19.3211 -0.8243
-1.6561 19.3211 -1.6487
-1.6561 19.3211 -2.4730
-1.6561 19.3211 -4.1217
-1.6561 11.5927 0.0000
-1.6561 11.5927 0.8243
-1.6561 11.5927 -0.8243
-1.6561 11.5927 1.6487
-1.6561 11.5927 -1.6487
-1.6561 17.1130 0.0000
-1.6561 17.1130 0.8243
-1.6561 17.1130 -3.2973
-1.6561 17.1130 -0.8243
-1.6561 17.1130 1.6487
-1.6561 17.1130 -1.6487
-1.6561 17.1130 -2.4730
-1.6561 17.1130 2.4730
-1.6561 17.1130 -4.1217
-1.6561 15.4569 0.0000
-1.6561 15.4569 0.8243
-1.6561 15.4569 -3.2973
-1.6561 15.4569 -0.8243
-1.6561 15.4569 1.6487
-1.6561 15.4569 -1.6487
-1.6561 15.4569 -2.4730
-1.6561 15.4569 2.4730
-1.6561 15.4569 -4.1217
-1.6561 10.4886 -0.8243
-1.6561 10.4886 -1.6487
-1.6561 20.9772 -0.8243
-1.6561 20.9772 -1.6487
-1.6561 14.3528 0.0000
-1.6561 14.3528 0.8243
-1.6561 14.3528 3.2973
-1.6561 14.3528 -3.2973
-1.6561 14.3528 -0.8243
-1.6561 14.3528 1.6487
-1.6561 14.3528 -1.6487
-1.6561 14.3528 -2.4730
-1.6561 14.3528 2.4730
-1.6561 18.7691 0.0000
-1.6561 18.7691 0.8243
-1.6561 18.7691 -3.2973
-1.6561 18.7691 -0.8243
-1.6561 18.7691 1.6487
-1.6561 18.7691 -1.6487
-1.6561 18.7691 -2.4730
-1.6561 18.7691 -4.1217
-1.6561 13.2488 0.0000
-1.6561 13.2488 0.8243
-1.6561 13.2488 -0.8243
-1.6561 13.2488 1.6487
-1.6561 13.2488 -1.6487
-1.6561 13.2488 -2.4730
-1.6561 13.2488 2.4730
-1.6561 16.5609 0.0000
-1.6561 16.5609 0.8243
-1.6561 16.5609 -3.2973
-1.6561 16.5609 -0.8243
-1.6561 16.5609 1.6487
-1.6561 16.5609 -1.6487
-1.6561 16.5609 -2.4730
-1.6561 16.5609 2.4730
-1.6561 16.5609 -4.1217
-1.6561 20.4252 -0.8243
-1.6561 20.4252 -1.6487
-1.6561 20.4252 -2.4730
-1.6561 12.1447 0.0000
-1.6561 12.1447 0.8243
-1.6561 12.1447 -0.8243
-1.6561 12.1447 1.6487
-1.6561 12.1447 -1.6487
-1.6561 12.1447 -2.4730
-1.6561 18.2170 0.0000
-1.6561 18.2170 0.8243
-1.6561 18.2170 -3.2973
-1.6561 18.2170 -0.8243
-1.6561 18.2170 1.6487
-1.6561 18.2170 -1.6487
-1.6561 18.2170 -2.4730
-1.6561 18.2170 -4.1217
-1.6561 11.0406 0.0000
-1.6561 11.0406 0.8243
-1.6561 11.0406 -0.8243
-1.6561 11.0406 -1.6487
-1.6561 14.9048 0.0000
-1.6561 14.9048 0.8243
-1.6561 14.9048 3.2973
-1.6561 14.9048 -3.2973
-1.6561 14.9048 -0.8243
-1.6561 14.9048 1.6487
-1.6561 14.9048 -1.6487
-1.6561 14.9048 -2.4730
-1.6561 14.9048 2.4730
-1.6561 16.0089 0.0000
-1.6561 16.0089 0.8243
-1.6561 16.0089 -3.2973
-1.6561 16.0089 -0.8243
-1.6561 16.0089 1.6487
-1.6561 16.0089 -1.6487
-1.6561 16.0089 -2.4730
-1.6561 16.0089 2.4730
-1.6561 16.0089 -4.1217
-1.6561 19.8731 0.0000
-1.6561 19.8731 -3.2973
-1.6561 19.8731 -0.8243
-1.6561 19.8731 -1.6487
-1.6561 19.8731 -2.4730
3.3122 13.8008 0.0000
3.3122 13.8008 0.8243
3.3122 13.8008 3.2973
3.3122 13.8008 -3.2973
3.3122 13.8008 -0.8243
3.3122 13.8008 1.6487
3.3122 13.8008 -1.6487
3.3122 13.8008 -2.4730
3.3122 13.8008 -4.9460
3.3122 13.8008 2.4730
3.3122 13.8008 -4.1217
3.3122 17.6650 0.0000
3.3122 17.6650 0.8243
3.3122 17.6650 -3.2973
3.3122 17.6650 -0.8243
3.3122 17.6650 1.6487
3.3122 17.6650 -1.6487
3.3122 17.6650 -2.4730
3.3122 17.6650 -4.9460
3.3122 17.6650 2.4730
3.3122 17.6650 -5.7703
3.3122 17.6650 -4.1217
3.3122 21.5292 0.0000
3.3122 21.5292 -3.2973
3.3122 21.5292 -0.8243
3.3122 21.5292 -1.6487
3.3122 21.5292 -2.4730
3.3122 21.5292 -4.9460
3.3122 21.5292 -5.7703
3.3122 21.5292 -4.1217
3.3122 12.6967 0.0000
3.3122 12.6967 0.8243
3.3122 12.6967 -3.2973
3.3122 12.6967 -0.8243
3.3122 12.6967 1.6487
3.3122 12.6967 -1.6487
3.3122 12.6967 -2.4730
3.3122 12.6967 -4.9460
3.3122 12.6967 2.4730
3.3122 12.6967 -4.1217
3.3122 19.3211 0.0000
3.3122 19.3211 0.8243
3.3122 19.3211 -3.2973
3.3122 19.3211 -6.5947
3.3122 19.3211 -0.8243
3.3122 19.3211 -1.6487
3.3122 19.3211 -2.4730
3.3122 19.3211 -4.9460
3.3122 19.3211 -5.7703
3.3122 19.3211 -4.1217
3.3122 23.1853 -3.2973
3.3122 23.1853 -1.6487
3.3122 23.1853 -2.4730
3.3122 11.5927 0.0000
3.3122 11.5927 0.8243
3.3122 11.5927 -3.2973
3.3122 11.5927 -0.8243
3.3122 11.5927 1.6487
3.3122 11.5927 -1.6487
3.3122 11.5927 -2.4730
3.3122 11.5927 -4.1217
3.3122 17.1130 0.0000
3.3122 17.1130 0.8243
3.3122 17.1130 -3.2973
3.3122 17.1130 -0.8243
3.3122 17.1130 1.6487
3.3122 17.1130 -1.6487
3.3122 17.1130 -2.4730
3.3122 17.1130 -4.9460
3.3122 17.1130 2.4730
3.3122 17.1130 -5.7703
3.3122 17.1130 -4.1217
3.3122 15.4569 0.0000
3.3122 15.4569 0.8243
3.3122 15.4569 -3.2973
3.3122 15.4569 -0.8243
3.3122 15.4569 1.6487
3.3122 15.4569 -1.6487
3.3122 15.4569 -2.4730
3.3122 15.4569 -4.9460
3.3122 15.4569 2.4730
3.3122 15.4569 -4.1217
3.3122 10.4886 -1.6487
3.3122 20.9772 0.0000
3.3122 20.9772 -3.2973
3.3122 20.9772 -6.5947
3.3122 20.9772 -0.8243
3.3122 20.9772 -1.6487
3.3122 20.9772 -2.4730
3.3122 20.9772 -4.9460
3.3122 20.9772 -5.7703
3.3122 20.9772 -4.1217
3.3122 14.3528 0.0000
3.3122 14.3528 0.8243
3.3122 14.3528 3.2973
3.3122 14.3528 -3.2973
3.3122 14.3528 -0.8243
3.3122 14.3528 1.6487
3.3122 14.3528 -1.6487
3.3122 14.3528 -2.4730
3.3122 14.3528 -4.9460
3.3122 14.3528 2.4730
3.3122 14.3528 -4.1217
3.3122 18.7691 0.0000
3.3122 18.7691 0.8243
3.3122 18.7691 -3.2973
3.3122 18.7691 -0.8243
3.3122 18.7691 -1.6487
3.3122 18.7691 -2.4730
3.3122 18.7691 -4.9460
3.3122 18.7691 -5.7703
3.3122 18.7691 -4.1217
3.3122 22.6333 -3.2973
3.3122 22.6333 -1.6487
3.3122 22.6333 -2.4730
3.3122 13.2488 0.0000
3.3122 13.2488 0.8243
3.3122 13.2488 3.2973
3.3122 13.2488 -3.2973
3.3122 13.2488 -0.8243
3.3122 13.2488 1.6487
3.3122 13.2488 -1.6487
3.3122 13.2488 -2.4730
3.3122 13.2488 -4.9460
3.3122 13.2488 2.4730
3.3122 13.2488 -4.1217
3.3122 16.5609 0.0000
3.3122 16.5609 0.8243
3.3122 16.5609 -3.2973
3.3122 16.5609 -0.8243
3.3122 16.5609 1.6487
3.3122 16.5609 -1.6487
3.3122 16.5609 -2.4730
3.3122 16.5609 -4.9460
3.3122 16.5609 2.4730
3.3122 16.5609 -4.1217
3.3122 20.4252 0.0000
3.3122 20.4252 -3.2973
3.3122 20.4252 -6.5947
3.3122 20.4252 -0.8243
3.3122 20.4252 -1.6487
3.3122 20.4252 -2.4730
3.3122 20.4252 -4.9460
3.3122 20.4252 -5.7703
3.3122 20.4252 -4.1217
3.3122 12.1447 0.0000
3.3122 12.1447 0.8243
3.3122 12.1447 -3.2973
3.3122 12.1447 -0.8243
3.3122 12.1447 1.6487
3.3122 12.1447 -1.6487
3.3122 12.1447 -2.4730
3.3122 12.1447 -4.9460
3.3122 12.1447 -4.1217
3.3122 18.2170 0.0000
3.3122 18.2170 0.8243
3.3122 18.2170 -3.2973
3.3122 18.2170 -0.8243
3.3122 18.2170 -1.6487
3.3122 18.2170 -2.4730
3.3122 18.2170 -4.9460
3.3122 18.2170 -5.7703
3.3122 18.2170 -4.1217
3.3122 11.0406 1.6487
3.3122 11.0406 -1.6487
3.3122 11.0406 -2.4730
3.3122 22.0812 0.0000
3.3122 22.0812 -3.2973
3.3122 22.0812 -0.8243
3.3122 22.0812 -1.6487
3.3122 22.0812 -2.4730
3.3122 22.0812 -4.9460
3.3122 22.0812 -4.1217
3.3122 14.9048 0.0000
3.3122 14.9048 0.8243
3.3122 14.9048 3.2973
3.3122 14.9048 -3.2973
3.3122 14.9048 -0.8243
3.3122 14.9048 1.6487
3.3122 14.9048 -1.6487
3.3122 14.9048 -2.4730
3.3122 14.9048 -4.9460
3.3122 14.9048 2.4730
3.3122 14.9048 -4.1217
3.3122 16.0089 0.0000
3.3122 16.0089 0.8243
3.3122 16.0089 -3.2973
3.3122 16.0089 -0.8243
3.3122 16.0089 1.6487
3.3122 16.0089 -1.6487
3.3122 16.0089 -2.4730
3.3122 16.0089 -4.9460
3.3122 16.0089 2.4730
3.3122 16.0089 -4.1217
3.3122 19.8731 0.0000
3.3122 19.8731 0.8243
3.3122 19.8731 -3.2973
3.3122 19.8731 -6.5947
3.3122 19.8731 -0.8243
3.3122 19.8731 -1.6487
3.3122 19.8731 -2.4730
3.3122 19.8731 -4.9460
3.3122 19.8731 -5.7703
3.3122 19.8731 -4.1217
3.3122 23.7373 -1.6487
3.3122 23.7373 -2.4730
-3.3122 13.8008 0.0000
-3.3122 13.8008 0.8243
-3.3122 13.8008 -0.8243
-3.3122 13.8008 1.6487
-3.3122 13.8008 -1.6487
-3.3122 13.8008 -2.4730
-3.3122 17.6650 0.0000
-3.3122 17.6650 0.8243
-3.3122 17.6650 -3.2973
-3.3122 17.6650 -0.8243
-3.3122 17.6650 1.6487
-3.3122 17.6650 -1.6487
-3.3122 17.6650 -2.4730
-3.3122 17.6650 -4.1217
-3.3122 12.6967 0.0000
-3.3122 12.6967 0.8243
-3.3122 12.6967 -0.8243
-3.3122 12.6967 1.6487
-3.3122 12.6967 -1.6487
-3.3122 19.3211 0.0000
-3.3122 19.3211 -0.8243
-3.3122 19.3211 -1.6487
-3.3122 19.3211 -2.4730
-3.3122 11.5927 0.0000
-3.3122 11.5927 0.8243
-3.3122 11.5927 -0.8243
-3.3122 17.1130 0.0000
-3.3122 17.1130 0.8243
-3.3122 17.1130 -3.2973
-3.3122 17.1130 -0.8243
-3.3122 17.1130 1.6487
-3.3122 17.1130 -1.6487
-3.3122 17.1130 -2.4730
-3.3122 17.1130 2.4730
-3.3122 15.4569 0.0000
-3.3122 15.4569 0.8243
-3.3122 15.4569 3.2973
-3.3122 15.4569 -0.8243
-3.3122 15.4569 1.6487
-3.3122 15.4569 -1.6487
-3.3122 15.4569 -2.4730
-3.3122 15.4569 2.4730
-3.3122 14.3528 0.0000
-3.3122 14.3528 0.8243
-3.3122 14.3528 -0.8243
-3.3122 14.3528 1.6487
-3.3122 14.3528 -1.6487
-3.3122 14.3528 -2.4730
-3.3122 14.3528 2.4730
-3.3122 18.7691 0.0000
-3.3122 18.7691 -3.2973
-3.3122 18.7691 -0.8243
-3.3122 18.7691 -1.6487
-3.3122 18.7691 -2.4730
-3.3122 13.2488 0.0000
-3.3122 13.2488 0.8243
-3.3122 13.2488 -0.8243
-3.3122 13.2488 1.6487
-3.3122 13.2488 -1.6487
-3.3122 16.5609 0.0000
-3.3122 16.5609 0.8243
-3.3122 16.5609 -3.2973
-3.3122 16.5609 -0.8243
-3.3122 16.5609 1.6487
-3.3122 16.5609 -1.6487
-3.3122 16.5609 -2.4730
-3.3122 16.5609 2.4730
-3.3122 20.4252 -0.8243
-3.3122 12.1447 0.0000
-3.3122 12.1447 0.8243
-3.3122 12.1447 -0.8243
-3.3122 12.1447 -1.6487
-3.3122 18.2170 0.0000
-3.3122 18.2170 0.8243
-3.3122 18.2170 -3.2973
-3.3122 18.2170 -0.8243
-3.3122 18.2170 -1.6487
-3.3122 18.2170 -2.4730
-3.3122 11.0406 -0.8243
-3.3122 14.9048 0.0000
-3.3122 14.9048 0.8243
-3.3122 14.9048 3.2973
-3.3122 14.9048 -0.8243
-3.3122 14.9048 1.6487
-3.3122 14.9048 -1.6487
-3.3122 14.9048 -2.4730
-3.3122 14.9048 2.4730
-3.3122 16.0089 0.0000
-3.3122 16.0089 0.8243
-3.3122 16.0089 -3.2973
-3.3122 16.0089 -0.8243
-3.3122 16.0089 1.6487
-3.3122 16.0089 -1.6487
-3.3122 16.0089 -2.4730
-3.3122 16.0089 2.4730
-3.3122 19.8731 -0.8243
-3.3122 19.8731 -1.6487
6.6244 17.6650 -3.2973
6.6244 17.6650 -0.8243
6.6244 17.6650 1.6487
6.6244 17.6650 -1.6487
6.6244 17.6650 -2.4730
6.6244 17.1130 -0.8243
6.6244 17.1130 1.6487
6.6244 17.1130 -1.6487
6.6244 17.1130 -2.4730
6.6244 15.4569 1.6487
6.6244 18.7691 -0.8243
6.6244 16.5609 0.0000
6.6244 16.5609 0.8243
6.6244 16.5609 -0.8243
6.6244 16.5609 1.6487
6.6244 16.5609 -1.6487
6.6244 16.5609 -2.4730
6.6244 18.2170 -0.8243
6.6244 16.0089 0.0000
6.6244 16.0089 0.8243
6.6244 16.0089 -0.8243
6.6244 16.0089 1.6487
6.6244 16.0089 -1.6487
-6.6244 13.8008 0.0000
-6.6244 13.8008 -0.8243
-6.6244 13.8008 -1.6487
-6.6244 17.6650 0.0000
-6.6244 12.6967 0.0000
-6.6244 12.6967 -0.8243
-6.6244 17.1130 0.0000
-6.6244 17.1130 0.8243
-6.6244 15.4569 0.0000
-6.6244 15.4569 0.8243
-6.6244 15.4569 -0.8243
-6.6244 15.4569 1.6487
-6.6244 15.4569 -1.6487
-6.6244 14.3528 0.0000
-6.6244 14.3528 0.8243
-6.6244 14.3528 -0.8243
-6.6244 14.3528 -1.6487
-6.6244 13.2488 0.0000
-6.6244 13.2488 -0.8243
-6.6244 16.5609 0.0000
-6.6244 16.5609 0.8243
-6.6244 16.5609 -0.8243
-6.6244 16.5609 1.6487
-6.6244 14.9048 0.0000
-6.6244 14.9048 0.8243
-6.6244 14.9048 -0.8243
-6.6244 14.9048 -1.6487
-6.6244 16.0089 0.0000
-6.6244 16.0089 0.8243
-6.6244 16.0089 -0.8243
-6.6244 16.0089 1.6487
-6.0723 13.8008 0.0000
-6.0723 13.8008 0.8243
-6.0723 13.8008 -0.8243
-6.0723 13.8008 -1.6487
-6.0723 17.6650 0.0000
-6.0723 12.6967 0.0000
-6.0723 12.6967 -0.8243
-6.0723 17.1130 0.0000
-6.0723 17.1130 0.8243
-6.0723 17.1130 -0.8243
-6.0723 17.1130 1.6487
-6.0723 15.4569 0.0000
-6.0723 15.4569 0.8243
-6.0723 15.4569 -0.8243
-6.0723 15.4569 1.6487
-6.0723 15.4569 -1.6487
-6.0723 15.4569 -2.4730
-6.0723 14.3528 0.0000
-6.0723 14.3528 0.8243
-6.0723 14.3528 -0.8243
-6.0723 14.3528 -1.6487
-6.0723 13.2488 0.0000
-6.0723 13.2488 0.8243
-6.0723 13.2488 -0.8243
-6.0723 16.5609 0.0000
-6.0723 16.5609 0.8243
-6.0723 16.5609 -0.8243
-6.0723 16.5609 1.6487
-6.0723 16.5609 -1.6487
-6.0723 18.2170 0.0000
-6.0723 14.9048 0.0000
-6.0723 14.9048 0.8243
-6.0723 14.9048 -0.8243
-6.0723 14.9048 1.6487
-6.0723 14.9048 -1.6487
-6.0723 16.0089 0.0000
-6.0723 16.0089 0.8243
-6.0723 16.0089 -0.8243
-6.0723 16.0089 1.6487
-6.0723 16.0089 -1.6487
-6.0723 16.0089 -2.4730
6.0723 17.6650 0.0000
6.0723 17.6650 0.8243
6.0723 17.6650 -3.2973
6.0723 17.6650 -0.8243
6.0723 17.6650 1.6487
6.0723 17.6650 -1.6487
6.0723 17.6650 -2.4730
6.0723 17.6650 2.4730
6.0723 17.6650 -4.1217
6.0723 19.3211 0.0000
6.0723 19.3211 0.8243
6.0723 19.3211 -3.2973
6.0723 19.3211 -0.8243
6.0723 19.3211 -1.6487
6.0723 19.3211 -2.4730
6.0723 17.1130 0.0000
6.0723 17.1130 0.8243
6.0723 17.1130 -3.2973
6.0723 17.1130 -0.8243
6.0723 17.1130 1.6487
6.0723 17.1130 -1.6487
6.0723 17.1130 -2.4730
6.0723 17.1130 2.4730
6.0723 17.1130 -4.1217
6.0723 15.4569 0.0000
6.0723 15.4569 0.8243
6.0723 15.4569 -3.2973
6.0723 15.4569 -0.8243
6.0723 15.4569 1.6487
6.0723 15.4569 -1.6487
6.0723 15.4569 -2.4730
6.0723 14.3528 1.6487
6.0723 14.3528 -1.6487
6.0723 14.3528 -2.4730
6.0723 18.7691 0.0000
6.0723 18.7691 0.8243
6.0723 18.7691 -3.2973
6.0723 18.7691 -0.8243
6.0723 18.7691 -1.6487
6.0723 18.7691 -2.4730
6.0723 18.7691 -4.1217
6.0723 16.5609 0.0000
6.0723 16.5609 0.8243
6.0723 16.5609 -3.2973
6.0723 16.5609 -0.8243
6.0723 16.5609 1.6487
6.0723 16.5609 -1.6487
6.0723 16.5609 -2.4730
6.0723 16.5609 -4.1217
6.0723 20.4252 -0.8243
6.0723 20.4252 -1.6487
6.0723 20.4252 -2.4730
6.0723 18.2170 0.0000
6.0723 18.2170 0.8243
6.0723 18.2170 -3.2973
6.0723 18.2170 -0.8243
6.0723 18.2170 1.6487
6.0723 18.2170 -1.6487
6.0723 18.2170 -2.4730
6.0723 18.2170 -4.1217
6.0723 14.9048 0.0000
6.0723 14.9048 0.8243
6.0723 14.9048 -0.8243
6.0723 14.9048 1.6487
6.0723 14.9048 -1.6487
6.0723 14.9048 -2.4730
6.0723 16.0089 0.0000
6.0723 16.0089 0.8243
6.0723 16.0089 -3.2973
6.0723 16.0089 -0.8243
6.0723 16.0089 1.6487
6.0723 16.0089 -1.6487
6.0723 16.0089 -2.4730
6.0723 19.8731 0.0000
6.0723 19.8731 -3.2973
6.0723 19.8731 -0.8243
6.0723 19.8731 -1.6487
6.0723 19.8731 -2.4730
-5.5203 13.8008 0.0000
-5.5203 13.8008 0.8243
-5.5203 13.8008 -0.8243
-5.5203 13.8008 1.6487
-5.5203 13.8008 -1.6487
-5.5203 17.6650 0.0000
-5.5203 17.6650 -0.8243
-5.5203 12.6967 0.0000
-5.5203 12.6967 0.8243
-5.5203 12.6967 -0.8243
-5.5203 17.1130 0.0000
-5.5203 17.1130 0.8243
-5.5203 17.1130 -0.8243
-5.5203 17.1130 1.6487
-5.5203 15.4569 0.0000
-5.5203 15.4569 0.8243
-5.5203 15.4569 -0.8243
-5.5203 15.4569 1.6487
-5.5203 15.4569 -1.6487
-5.5203 15.4569 -2.4730
-5.5203 14.3528 0.0000
-5.5203 14.3528 0.8243
-5.5203 14.3528 -0.8243
-5.5203 14.3528 1.6487
-5.5203 14.3528 -1.6487
-5.5203 13.2488 0.0000
-5.5203 13.2488 0.8243
-5.5203 13.2488 -0.8243
-5.5203 16.5609 0.0000
-5.5203 16.5609 0.8243
-5.5203 16.5609 -3.2973
-5.5203 16.5609 -0.8243
-5.5203 16.5609 1.6487
-5.5203 16.5609 -1.6487
-5.5203 16.5609 -2.4730
-5.5203 16.5609 2.4730
-5.5203 12.1447 0.0000
-5.5203 12.1447 -0.8243
-5.5203 18.2170 0.0000
-5.5203 14.9048 0.0000
-5.5203 14.9048 0.8243
-5.5203 14.9048 -0.8243
-5.5203 14.9048 1.6487
-5.5203 14.9048 -1.6487
-5.5203 14.9048 -2.4730
-5.5203 16.0089 0.0000
-5.5203 16.0089 0.8243
-5.5203 16.0089 -0.8243
-5.5203 16.0089 1.6487
-5.5203 16.0089 -1.6487
-5.5203 16.0089 -2.4730
2.7602 13.8008 0.0000
2.7602 13.8008 0.8243
2.7602 13.8008 3.2973
2.7602 13.8008 -3.2973
2.7602 13.8008 -0.8243
2.7602 13.8008 1.6487
2.7602 13.8008 -1.6487
2.7602 13.8008 -2.4730
2.7602 13.8008 -4.9460
2.7602 13.8008 2.4730
2.7602 13.8008 -4.1217
2.7602 17.6650 0.0000
2.7602 17.6650 0.8243
2.7602 17.6650 -3.2973
2.7602 17.6650 -0.8243
2.7602 17.6650 1.6487
2.7602 17.6650 -1.6487
2.7602 17.6650 -2.4730
2.7602 17.6650 -4.9460
2.7602 17.6650 2.4730
2.7602 17.6650 -5.7703
2.7602 17.6650 -4.1217
2.7602 21.5292 0.0000
2.7602 21.5292 -3.2973
2.7602 21.5292 -0.8243
2.7602 21.5292 -1.6487
2.7602 21.5292 -2.4730
2.7602 21.5292 -4.9460
2.7602 21.5292 -5.7703
2.7602 21.5292 -4.1217
2.7602 12.6967 0.0000
2.7602 12.6967 0.8243
2.7602 12.6967 -3.2973
2.7602 12.6967 -0.8243
2.7602 12.6967 1.6487
2.7602 12.6967 -1.6487
2.7602 12.6967 -2.4730
2.7602 12.6967 -4.9460
2.7602 12.6967 2.4730
2.7602 12.6967 -4.1217
2.7602 19.3211 0.0000
2.7602 19.3211 0.8243
2.7602 19.3211 -3.2973
2.7602 19.3211 -0.8243
2.7602 19.3211 -1.6487
2.7602 19.3211 -2.4730
2.7602 19.3211 -4.9460
2.7602 19.3211 -5.7703
2.7602 19.3211 -4.1217
2.7602 23.1853 -3.2973
2.7602 23.1853 -1.6487
2.7602 23.1853 -2.4730
2.7602 11.5927 0.0000
2.7602 11.5927 0.8243
2.7602 11.5927 -3.2973
2.7602 11.5927 -0.8243
2.7602 11.5927 1.6487
2.7602 11.5927 -1.6487
2.7602 11.5927 -2.4730
2.7602 11.5927 -4.1217
2.7602 17.1130 0.0000
2.7602 17.1130 0.8243
2.7602 17.1130 -3.2973
2.7602 17.1130 -0.8243
2.7602 17.1130 1.6487
2.7602 17.1130 -1.6487
2.7602 17.1130 -2.4730
2.7602 17.1130 -4.9460
2.7602 17.1130 2.4730
2.7602 17.1130 -5.7703
2.7602 17.1130 -4.1217
2.7602 15.4569 0.0000
2.7602 15.4569 0.8243
2.7602 15.4569 -3.2973
2.7602 15.4569 -0.8243
2.7602 15.4569 1.6487
2.7602 15.4569 -1.6487
2.7602 15.4569 -2.4730
2.7602 15.4569 -4.9460
2.7602 15.4569 2.4730
2.7602 15.4569 -4.1217
2.7602 10.4886 -1.6487
2.7602 10.4886 -2.4730
2.7602 20.9772 0.0000
2.7602 20.9772 -3.2973
2.7602 20.9772 -6.5947
2.7602 20.9772 -0.8243
2.7602 20.9772 -1.6487
2.7602 20.9772 -2.4730
2.7602 20.9772 -4.9460
2.7602 20.9772 -5.7703
2.7602 20.9772 -4.1217
2.7602 14.3528 0.0000
2.7602 14.3528 0.8243
2.7602 14.3528 3.2973
2.7602 14.3528 -3.2973
2.7602 14.3528 -0.8243
2.7602 14.3528 1.6487
2.7602 14.3528 -1.6487
2.7602 14.3528 -2.4730
2.7602 14.3528 -4.9460
2.7602 14.3528 2.4730
2.7602 14.3528 -4.1217
2.7602 18.7691 0.0000
2.7602 18.7691 0.8243
2.7602 18.7691 -3.2973
2.7602 18.7691 -0.8243
2.7602 18.7691 -1.6487
2.7602 18.7691 -2.4730
2.7602 18.7691 -4.9460
2.7602 18.7691 -5.7703
2.7602 18.7691 -4.1217
2.7602 22.6333 -3.2973
2.7602 22.6333 -0.8243
2.7602 22.6333 -1.6487
2.7602 22.6333 -2.4730
2.7602 22.6333 -4.9460
2.7602 22.6333 -4.1217
2.7602 13.2488 0.0000
2.7602 13.2488 0.8243
2.7602 13.2488 3.2973
2.7602 13.2488 -3.2973
2.7602 13.2488 -0.8243
2.7602 13.2488 1.6487
2.7602 13.2488 -1.6487
2.7602 13.2488 -2.4730
2.7602 13.2488 -4.9460
2.7602 13.2488 2.4730
2.7602 13.2488 -4.1217
2.7602 16.5609 0.0000
2.7602 16.5609 0.8243
2.7602 16.5609 -3.2973
2.7602 16.5609 -0.8243
2.7602 16.5609 1.6487
2.7602 16.5609 -1.6487
2.7602 16.5609 -2.4730
2.7602 16.5609 -4.9460
2.7602 16.5609 2.4730
2.7602 16.5609 -4.1217
2.7602 20.4252 0.0000
2.7602 20.4252 -3.2973
2.7602 20.4252 -6.5947
2.7602 20.4252 -0.8243
2.7602 20.4252 -1.6487
2.7602 20.4252 -2.4730
2.7602 20.4252 -4.9460
2.7602 20.4252 -5.7703
2.7602 20.4252 -4.1217
2.7602 12.1447 0.0000
2.7602 12.1447 0.8243
2.7602 12.1447 -3.2973
2.7602 12.1447 -0.8243
2.7602 12.1447 1.6487
2.7602 12.1447 -1.6487
2.7602 12.1447 -2.4730
2.7602 12.1447 2.4730
2.7602 12.1447 -4.1217
2.7602 18.2170 0.0000
2.7602 18.2170 0.8243
2.7602 18.2170 -3.2973
2.7602 18.2170 -0.8243
2.7602 18.2170 1.6487
2.7602 18.2170 -1.6487
2.7602 18.2170 -2.4730
2.7602 18.2170 -4.9460
2.7602 18.2170 -5.7703
2.7602 18.2170 -4.1217
2.7602 11.0406 0.8243
2.7602 11.0406 -3.2973
2.7602 11.0406 1.6487
2.7602 11.0406 -1.6487
2.7602 11.0406 -2.4730
2.7602 11.0406 -4.1217
2.7602 22.0812 0.0000
2.7602 22.0812 -3.2973
2.7602 22.0812 -0.8243
2.7602 22.0812 -1.6487
2.7602 22.0812 -2.4730
2.7602 22.0812 -4.9460
2.7602 22.0812 -4.1217
2.7602 14.9048 0.0000
2.7602 14.9048 0.8243
2.7602 14.9048 3.2973
2.7602 14.9048 -3.2973
2.7602 14.9048 -0.8243
2.7602 14.9048 1.6487
2.7602 14.9048 -1.6487
2.7602 14.9048 -2.4730
2.7602 14.9048 -4.9460
2.7602 14.9048 2.4730
2.7602 14.9048 -4.1217
2.7602 16.0089 0.0000
2.7602 16.0089 0.8243
2.7602 16.0089 -3.2973
2.7602 16.0089 -0.8243
2.7602 16.0089 1.6487
2.7602 16.0089 -1.6487
2.7602 16.0089 -2.4730
2.7602 16.0089 -4.9460
2.7602 16.0089 2.4730
2.7602 16.0089 -4.1217
2.7602 19.8731 0.0000
2.7602 19.8731 0.8243
2.7602 19.8731 -3.2973
2.7602 19.8731 -6.5947
2.7602 19.8731 -0.8243
2.7602 19.8731 -1.6487
2.7602 19.8731 -2.4730
2.7602 19.8731 -4.9460
2.7602 19.8731 -5.7703
2.7602 19.8731 -4.1217
2.7602 9.9366 -1.6487
2.7602 23.7373 -1.6487
2.7602 23.7373 -2.4730
-2.7602 13.8008 0.0000
-2.7602 13.8008 0.8243
-2.7602 13.8008 -0.8243
-2.7602 13.8008 1.6487
-2.7602 13.8008 -1.6487
-2.7602 13.8008 -2.4730
-2.7602 13.8008 2.4730
-2.7602 17.6650 0.0000
-2.7602 17.6650 0.8243
-2.7602 17.6650 -3.2973
-2.7602 17.6650 -0.8243
-2.7602 17.6650 1.6487
-2.7602 17.6650 -1.6487
-2.7602 17.6650 -2.4730
-2.7602 17.6650 -4.1217
-2.7602 12.6967 0.0000
-2.7602 12.6967 0.8243
-2.7602 12.6967 -0.8243
-2.7602 12.6967 1.6487
-2.7602 12.6967 -1.6487
-2.7602 19.3211 0.0000
-2.7602 19.3211 -3.2973
-2.7602 19.3211 -0.8243
-2.7602 19.3211 -1.6487
-2.7602 19.3211 -2.4730
-2.7602 11.5927 0.0000
-2.7602 11.5927 0.8243
-2.7602 11.5927 -0.8243
-2.7602 11.5927 -1.6487
-2.7602 17.1130 0.0000
-2.7602 17.1130 0.8243
-2.7602 17.1130 -3.2973
-2.7602 17.1130 -0.8243
-2.7602 17.1130 1.6487
-2.7602 17.1130 -1.6487
-2.7602 17.1130 -2.4730
-2.7602 17.1130 2.4730
-2.7602 17.1130 -4.1217
-2.7602 15.4569 0.0000
-2.7602 15.4569 0.8243
-2.7602 15.4569 3.2973
-2.7602 15.4569 -0.8243
-2.7602 15.4569 1.6487
-2.7602 15.4569 -1.6487
-2.7602 15.4569 -2.4730
-2.7602 15.4569 2.4730
-2.7602 20.9772 -0.8243
-2.7602 14.3528 0.0000
-2.7602 14.3528 0.8243
-2.7602 14.3528 3.2973
-2.7602 14.3528 -0.8243
-2.7602 14.3528 1.6487
-2.7602 14.3528 -1.6487
-2.7602 14.3528 -2.4730
-2.7602 14.3528 2.4730
-2.7602 18.7691 0.0000
-2.7602 18.7691 0.8243
-2.7602 18.7691 -3.2973
-2.7602 18.7691 -0.8243
-2.7602 18.7691 -1.6487
-2.7602 18.7691 -2.4730
-2.7602 13.2488 0.0000
-2.7602 13.2488 0.8243
-2.7602 13.2488 -0.8243
-2.7602 13.2488 1.6487
-2.7602 13.2488 -1.6487
-2.7602 16.5609 0.0000
-2.7602 16.5609 0.8243
-2.7602 16.5609 -3.2973
-2.7602 16.5609 -0.8243
-2.7602 16.5609 1.6487
-2.7602 16.5609 -1.6487
-2.7602 16.5609 -2.4730
-2.7602 16.5609 2.4730
-2.7602 20.4252 -0.8243
-2.7602 20.4252 -1.6487
-2.7602 12.1447 0.0000
-2.7602 12.1447 0.8243
-2.7602 12.1447 -0.8243
-2.7602 12.1447 1.6487
-2.7602 12.1447 -1.6487
-2.7602 18.2170 0.0000
-2.7602 18.2170 0.8243
-2.7602 18.2170 -3.2973
-2.7602 18.2170 -0.8243
-2.7602 18.2170 1.6487
-2.7602 18.2170 -1.6487
-2.7602 18.2170 -2.4730
-2.7602 18.2170 -4.1217
-2.7602 11.0406 -0.8243
-2.7602 14.9048 0.0000
-2.7602 14.9048 0.8243
-2.7602 14.9048 3.2973
-2.7602 14.9048 -0.8243
-2.7602 14.9048 1.6487
-2.7602 14.9048 -1.6487
-2.7602 14.9048 -2.4730
-2.7602 14.9048 2.4730
-2.7602 16.0089 0.0000
-2.7602 16.0089 0.8243
-2.7602 16.0089 -3.2973
-2.7602 16.0089 -0.8243
-2.7602 16.0089 1.6487
-2.7602 16.0089 -1.6487
-2.7602 16.0089 -2.4730
-2.7602 16.0089 2.4730
-2.7602 19.8731 0.0000
-2.7602 19.8731 -0.8243
-2.7602 19.8731 -1.6487
-2.7602 19.8731 -2.4730
5.5203 13.8008 1.6487
5.5203 13.8008 -1.6487
5.5203 13.8008 -2.4730
5.5203 17.6650 0.0000
5.5203 17.6650 0.8243
5.5203 17.6650 -3.2973
5.5203 17.6650 -0.8243
5.5203 17.6650 1.6487
5.5203 17.6650 -1.6487
5.5203 17.6650 -2.4730
5.5203 17.6650 -4.9460
5.5203 17.6650 2.4730
5.5203 17.6650 -5.7703
5.5203 17.6650 -4.1217
5.5203 21.5292 -0.8243
5.5203 21.5292 -1.6487
5.5203 19.3211 0.0000
5.5203 19.3211 0.8243
5.5203 19.3211 -3.2973
5.5203 19.3211 -0.8243
5.5203 19.3211 -1.6487
5.5203 19.3211 -2.4730
5.5203 19.3211 -4.9460
5.5203 19.3211 -4.1217
5.5203 17.1130 0.0000
5.5203 17.1130 0.8243
5.5203 17.1130 -3.2973
5.5203 17.1130 -0.8243
5.5203 17.1130 1.6487
5.5203 17.1130 -1.6487
5.5203 17.1130 -2.4730
5.5203 17.1130 -4.9460
5.5203 17.1130 2.4730
5.5203 17.1130 -5.7703
5.5203 17.1130 -4.1217
5.5203 15.4569 0.0000
5.5203 15.4569 0.8243
5.5203 15.4569 -3.2973
5.5203 15.4569 -0.8243
5.5203 15.4569 1.6487
5.5203 15.4569 -1.6487
5.5203 15.4569 -2.4730
5.5203 15.4569 -4.1217
5.5203 20.9772 0.0000
5.5203 20.9772 -0.8243
5.5203 20.9772 -1.6487
5.5203 20.9772 -2.4730
5.5203 14.3528 0.0000
5.5203 14.3528 0.8243
5.5203 14.3528 -3.2973
5.5203 14.3528 -0.8243
5.5203 14.3528 1.6487
5.5203 14.3528 -1.6487
5.5203 14.3528 -2.4730
5.5203 18.7691 0.0000
5.5203 18.7691 0.8243
5.5203 18.7691 -3.2973
5.5203 18.7691 -0.8243
5.5203 18.7691 -1.6487
5.5203 18.7691 -2.4730
5.5203 18.7691 -4.9460
5.5203 18.7691 -4.1217
5.5203 13.2488 -2.4730
5.5203 16.5609 0.0000
5.5203 16.5609 0.8243
5.5203 16.5609 -3.2973
5.5203 16.5609 -0.8243
5.5203 16.5609 1.6487
5.5203 16.5609 -1.6487
5.5203 16.5609 -2.4730
5.5203 16.5609 -4.9460
5.5203 16.5609 2.4730
5.5203 16.5609 -5.7703
5.5203 16.5609 -4.1217
5.5203 20.4252 0.0000
5.5203 20.4252 -3.2973
5.5203 20.4252 -0.8243
5.5203 20.4252 -1.6487
5.5203 20.4252 -2.4730
5.5203 18.2170 0.0000
5.5203 18.2170 0.8243
5.5203 18.2170 -3.2973
5.5203 18.2170 -0.8243
5.5203 18.2170 1.6487
5.5203 18.2170 -1.6487
5.5203 18.2170 -2.4730
5.5203 18.2170 -4.9460
5.5203 18.2170 -4.1217
5.5203 14.9048 0.0000
5.5203 14.9048 0.8243
5.5203 14.9048 -3.2973
5.5203 14.9048 -0.8243
5.5203 14.9048 1.6487
5.5203 14.9048 -1.6487
5.5203 14.9048 -2.4730
5.5203 14.9048 -4.1217
5.5203 16.0089 0.0000
5.5203 16.0089 0.8243
5.5203 16.0089 -3.2973
5.5203 16.0089 -0.8243
5.5203 16.0089 1.6487
5.5203 16.0089 -1.6487
5.5203 16.0089 -2.4730
5.5203 16.0089 -4.9460
5.5203 16.0089 -5.7703
5.5203 16.0089 -4.1217
5.5203 19.8731 0.0000
5.5203 19.8731 0.8243
5.5203 19.8731 -3.2973
5.5203 19.8731 -0.8243
5.5203 19.8731 -1.6487
5.5203 19.8731 -2.4730
5.5203 19.8731 -4.9460
5.5203 19.8731 -4.1217
4.9683 13.8008 0.0000
4.9683 13.8008 0.8243
4.9683 13.8008 -3.2973
4.9683 13.8008 -0.8243
4.9683 13.8008 1.6487
4.9683 13.8008 -1.6487
4.9683 13.8008 -2.4730
4.9683 13.8008 -4.1217
4.9683 17.6650 0.0000
4.9683 17.6650 0.8243
4.9683 17.6650 -3.2973
4.9683 17.6650 -6.5947
4.9683 17.6650 -0.8243
4.9683 17.6650 1.6487
4.9683 17.6650 -1.6487
4.9683 17.6650 -2.4730
4.9683 17.6650 -4.9460
4.9683 17.6650 2.4730
4.9683 17.6650 -5.7703
4.9683 17.6650 -4.1217
4.9683 21.5292 0.0000
4.9683 21.5292 -0.8243
4.9683 21.5292 -1.6487
4.9683 21.5292 -2.4730
4.9683 12.6967 -1.6487
4.9683 19.3211 0.0000
4.9683 19.3211 0.8243
4.9683 19.3211 -3.2973
4.9683 19.3211 -0.8243
4.9683 19.3211 -1.6487
4.9683 19.3211 -2.4730
4.9683 19.3211 -4.9460
4.9683 19.3211 -5.7703
4.9683 19.3211 -4.1217
4.9683 17.1130 0.0000
4.9683 17.1130 0.8243
4.9683 17.1130 -3.2973
4.9683 17.1130 -0.8243
4.9683 17.1130 1.6487
4.9683 17.1130 -1.6487
4.9683 17.1130 -2.4730
4.9683 17.1130 -4.9460
4.9683 17.1130 2.4730
4.9683 17.1130 -5.7703
4.9683 17.1130 -4.1217
4.9683 15.4569 0.0000
4.9683 15.4569 0.8243
4.9683 15.4569 -3.2973
4.9683 15.4569 -0.8243
4.9683 15.4569 1.6487
4.9683 15.4569 -1.6487
4.9683 15.4569 -2.4730
4.9683 15.4569 -4.9460
4.9683 15.4569 -5.7703
4.9683 15.4569 -4.1217
4.9683 20.9772 0.0000
4.9683 20.9772 -3.2973
4.9683 20.9772 -0.8243
4.9683 20.9772 -1.6487
4.9683 20.9772 -2.4730
4.9683 20.9772 -4.9460
4.9683 20.9772 -4.1217
4.9683 14.3528 0.0000
4.9683 14.3528 0.8243
4.9683 14.3528 -3.2973
4.9683 14.3528 -0.8243
4.9683 14.3528 1.6487
4.9683 14.3528 -1.6487
4.9683 14.3528 -2.4730
4.9683 14.3528 -4.9460
4.9683 14.3528 -4.1217
4.9683 18.7691 0.0000
4.9683 18.7691 0.8243
4.9683 18.7691 -3.2973
4.9683 18.7691 -0.8243
4.9683 18.7691 -1.6487
4.9683 18.7691 -2.4730
4.9683 18.7691 -4.9460
4.9683 18.7691 -5.7703
4.9683 18.7691 -4.1217
4.9683 13.2488 -3.2973
4.9683 13.2488 1.6487
4.9683 13.2488 -1.6487
4.9683 13.2488 -2.4730
4.9683 16.5609 0.0000
4.9683 16.5609 0.8243
4.9683 16.5609 -3.2973
4.9683 16.5609 -0.8243
4.9683 16.5609 1.6487
4.9683 16.5609 -1.6487
4.9683 16.5609 -2.4730
4.9683 16.5609 -4.9460
4.9683 16.5609 2.4730
4.9683 16.5609 -5.7703
4.9683 16.5609 -4.1217
4.9683 20.4252 0.0000
4.9683 20.4252 -3.2973
4.9683 20.4252 -0.8243
4.9683 20.4252 -1.6487
4.9683 20.4252 -2.4730
4.9683 20.4252 -4.9460
4.9683 20.4252 -4.1217
4.9683 18.2170 0.0000
4.9683 18.2170 0.8243
4.9683 18.2170 -3.2973
4.9683 18.2170 -0.8243
4.9683 18.2170 -1.6487
4.9683 18.2170 -2.4730
4.9683 18.2170 -4.9460
4.9683 18.2170 -5.7703
4.9683 18.2170 -4.1217
4.9683 22.0812 0.0000
4.9683 22.0812 -0.8243
4.9683 14.9048 0.0000
4.9683 14.9048 0.8243
4.9683 14.9048 -3.2973
4.9683 14.9048 -0.8243
4.9683 14.9048 1.6487
4.9683 14.9048 -1.6487
4.9683 14.9048 -2.4730
4.9683 14.9048 -4.9460
4.9683 14.9048 -5.7703
4.9683 14.9048 -4.1217
4.9683 16.0089 0.0000
4.9683 16.0089 0.8243
4.9683 16.0089 -3.2973
4.9683 16.0089 -0.8243
4.9683 16.0089 1.6487
4.9683 16.0089 -1.6487
4.9683 16.0089 -2.4730
4.9683 16.0089 -4.9460
4.9683 16.0089 2.4730
4.9683 16.0089 -5.7703
4.9683 16.0089 -4.1217
4.9683 19.8731 0.0000
4.9683 19.8731 0.8243
4.9683 19.8731 -3.2973
4.9683 19.8731 -0.8243
4.9683 19.8731 -1.6487
4.9683 19.8731 -2.4730
4.9683 19.8731 -4.9460
4.9683 19.8731 -4.1217
-4.9683 13.8008 0.0000
-4.9683 13.8008 0.8243
-4.9683 13.8008 -0.8243
-4.9683 13.8008 1.6487
-4.9683 13.8008 -1.6487
-4.9683 17.6650 0.0000
-4.9683 17.6650 0.8243
-4.9683 17.6650 -0.8243
-4.9683 17.6650 -1.6487
-4.9683 17.6650 -2.4730
-4.9683 12.6967 0.0000
-4.9683 12.6967 0.8243
-4.9683 12.6967 -0.8243
-4.9683 17.1130 0.0000
-4.9683 17.1130 0.8243
-4.9683 17.1130 -3.2973
-4.9683 17.1130 -0.8243
-4.9683 17.1130 1.6487
-4.9683 17.1130 -1.6487
-4.9683 17.1130 -2.4730
-4.9683 15.4569 0.0000
-4.9683 15.4569 0.8243
-4.9683 15.4569 -0.8243
-4.9683 15.4569 1.6487
-4.9683 15.4569 -1.6487
-4.9683 15.4569 -2.4730
-4.9683 14.3528 0.0000
-4.9683 14.3528 0.8243
-4.9683 14.3528 -0.8243
-4.9683 14.3528 1.6487
-4.9683 14.3528 -1.6487
-4.9683 18.7691 0.0000
-4.9683 13.2488 0.0000
-4.9683 13.2488 0.8243
-4.9683 13.2488 -0.8243
-4.9683 16.5609 0.0000
-4.9683 16.5609 0.8243
-4.9683 16.5609 -3.2973
-4.9683 16.5609 -0.8243
-4.9683 16.5609 1.6487
-4.9683 16.5609 -1.6487
-4.9683 16.5609 -2.4730
-4.9683 16.5609 2.4730
-4.9683 12.1447 0.0000
-4.9683 12.1447 -0.8243
-4.9683 18.2170 0.0000
-4.9683 18.2170 -0.8243
-4.9683 14.9048 0.0000
-4.9683 14.9048 0.8243
-4.9683 14.9048 -0.8243
-4.9683 14.9048 1.6487
-4.9683 14.9048 -1.6487
-4.9683 14.9048 -2.4730
-4.9683 16.0089 0.0000
-4.9683 16.0089 0.8243
-4.9683 16.0089 -0.8243
-4.9683 16.0089 1.6487
-4.9683 16.0089 -1.6487
-4.9683 16.0089 -2.4730
-4.9683 16.0089 2.4730
