-8.8325 17.6650 -3.2973
-8.8325 17.6650 -4.1217
-8.8325 21.5292 -3.2973
-8.8325 21.5292 -1.6487
-8.8325 21.5292 -2.4730
-8.8325 21.5292 -4.9460
-8.8325 21.5292 -5.7703
-8.8325 21.5292 -4.1217
-8.8325 19.3211 -3.2973
-8.8325 19.3211 -6.5947
-8.8325 19.3211 -2.4730
-8.8325 19.3211 -4.9460
-8.8325 19.3211 -7.4190
-8.8325 19.3211 -5.7703
-8.8325 19.3211 -4.1217
-8.8325 23.1853 -1.6487
-8.8325 23.1853 -2.4730
-8.8325 17.1130 -3.2973
-8.8325 17.1130 -4.1217
-8.8325 15.4569 -4.1217
-8.8325 20.9772 -3.2973
-8.8325 20.9772 -6.5947
-8.8325 20.9772 -2.4730
-8.8325 20.9772 -4.9460
-8.8325 20.9772 -5.7703
-8.8325 20.9772 -4.1217
-8.8325 18.7691 -3.2973
-8.8325 18.7691 -2.4730
-8.8325 18.7691 -4.9460
-8.8325 18.7691 -5.7703
-8.8325 18.7691 -4.1217
-8.8325 22.6333 -1.6487
-8.8325 22.6333 -2.4730
-8.8325 16.5609 -3.2973
-8.8325 16.5609 -4.9460
-8.8325 16.5609 -4.1217
-8.8325 20.4252 -3.2973
-8.8325 20.4252 -6.5947
-8.8325 20.4252 -2.4730
-8.8325 20.4252 -4.9460
-8.8325 20.4252 -7.4190
-8.8325 20.4252 -5.7703
-8.8325 20.4252 -4.1217
-8.8325 18.2170 -3.2973
-8.8325 18.2170 -2.4730
-8.8325 18.2170 -4.9460
-8.8325 18.2170 -4.1217
-8.8325 22.0812 -1.6487
-8.8325 22.0812 -2.4730
-8.8325 22.0812 -4.9460
-8.8325 22.0812 -5.7703
-8.8325 16.0089 -4.9460
-8.8325 16.0089 -4.1217
-8.8325 19.8731 -3.2973
-8.8325 19.8731 -6.5947
-8.8325 19.8731 -2.4730
-8.8325 19.8731 -4.9460
-8.8325 19.8731 -7.4190
-8.8325 19.8731 -5.7703
-8.8325 19.8731 -4.1217
-12.6967 27.6016 -4.1217
-12.6967 27.0495 -3.2973
-12.6967 27.0495 -2.4730
-12.6967 27.0495 -4.1217
-11.5927 25.3934 -6.5947
-11.5927 26.4975 -3.2973
-11.5927 26.4975 -6.5947
-11.5927 26.4975 -2.4730
-11.5927 26.4975 -4.9460
-11.5927 26.4975 -5.7703
-11.5927 26.4975 -4.1217
-11.5927 25.9455 -3.2973
-11.5927 25.9455 -6.5947
-11.5927 25.9455 -2.4730
-11.5927 25.9455 -4.9460
-11.5927 25.9455 -5.7703
-11.5927 25.9455 -4.1217
-7.7284 17.6650 -0.8243
-7.7284 17.6650 -1.6487
-7.7284 19.3211 -0.8243
-7.7284 19.3211 -1.6487
-7.7284 17.1130 -1.6487
-7.7284 18.7691 -0.8243
-7.7284 18.7691 -1.6487
-7.7284 18.2170 -0.8243
-7.7284 18.2170 -1.6487
-7.7284 16.0089 -4.1217
-7.7284 19.8731 -0.8243
-7.7284 19.8731 -1.6487
-10.4886 17.6650 -10.7163
-10.4886 17.6650 -9.8920
-10.4886 17.6650 -9.0677
-10.4886 17.6650 -8.2433
-10.4886 21.5292 -10.7163
-10.4886 21.5292 -9.8920
-10.4886 25.3934 -3.2973
-10.4886 25.3934 -6.5947
-10.4886 25.3934 -2.4730
-10.4886 25.3934 -4.9460
-10.4886 25.3934 -5.7703
-10.4886 25.3934 -4.1217
-10.4886 19.3211 -10.7163
-10.4886 19.3211 -9.8920
-10.4886 19.3211 -9.0677
-10.4886 23.1853 -9.8920
-10.4886 23.1853 -9.0677
-10.4886 17.1130 -9.8920
-10.4886 17.1130 -9.0677
-10.4886 17.1130 -8.2433
-10.4886 15.4569 -9.8920
-10.4886 15.4569 -9.0677
-10.4886 15.4569 -8.2433
-10.4886 20.9772 -10.7163
-10.4886 20.9772 -9.8920
-10.4886 24.8414 -3.2973
-10.4886 24.8414 -6.5947
-10.4886 24.8414 -2.4730
-10.4886 24.8414 -4.9460
-10.4886 24.8414 -7.4190
-10.4886 24.8414 -9.0677
-10.4886 24.8414 -5.7703
-10.4886 24.8414 -8.2433
-10.4886 24.8414 -4.1217
-10.4886 18.7691 -9.8920
-10.4886 18.7691 -9.0677
-10.4886 16.5609 -9.8920
-10.4886 16.5609 -9.0677
-10.4886 16.5609 -8.2433
-10.4886 20.4252 -10.7163
-10.4886 20.4252 -9.8920
-10.4886 24.2894 -3.2973
-10.4886 24.2894 -6.5947
-10.4886 24.2894 -1.6487
-10.4886 24.2894 -2.4730
-10.4886 24.2894 -4.9460
-10.4886 24.2894 -7.4190
-10.4886 24.2894 -9.0677
-10.4886 24.2894 -5.7703
-10.4886 24.2894 -8.2433
-10.4886 24.2894 -4.1217
-10.4886 18.2170 -10.7163
-10.4886 18.2170 -9.8920
-10.4886 18.2170 -9.0677
-10.4886 18.2170 -11.5407
-10.4886 18.2170 -8.2433
-10.4886 14.9048 -9.8920
-10.4886 16.0089 -6.5947
-10.4886 16.0089 -9.8920
-10.4886 16.0089 -7.4190
-10.4886 16.0089 -9.0677
-10.4886 16.0089 -8.2433
-10.4886 19.8731 -10.7163
-10.4886 19.8731 -9.8920
-10.4886 23.7373 -6.5947
-10.4886 23.7373 -9.8920
-10.4886 23.7373 -7.4190
-10.4886 23.7373 -9.0677
-7.1764 18.7691 -0.8243
-9.3845 17.6650 -6.5947
-9.3845 17.6650 -4.9460
-9.3845 17.6650 -7.4190
-9.3845 17.6650 -5.7703
-9.3845 17.6650 -4.1217
-9.3845 21.5292 -3.2973
-9.3845 21.5292 -6.5947
-9.3845 21.5292 -2.4730
-9.3845 21.5292 -4.9460
-9.3845 21.5292 -7.4190
-9.3845 21.5292 -9.0677
-9.3845 21.5292 -5.7703
-9.3845 21.5292 -8.2433
-9.3845 21.5292 -4.1217
-9.3845 19.3211 -6.5947
-9.3845 19.3211 -7.4190
-9.3845 19.3211 -5.7703
-9.3845 19.3211 -8.2433
-9.3845 23.1853 -3.2973
-9.3845 23.1853 -6.5947
-9.3845 23.1853 -1.6487
-9.3845 23.1853 -2.4730
-9.3845 23.1853 -4.9460
-9.3845 23.1853 -9.0677
-9.3845 23.1853 -5.7703
-9.3845 23.1853 -8.2433
-9.3845 23.1853 -4.1217
-9.3845 17.1130 -6.5947
-9.3845 17.1130 -4.9460
-9.3845 17.1130 -7.4190
-9.3845 17.1130 -5.7703
-9.3845 17.1130 -4.1217
-9.3845 15.4569 -4.9460
-9.3845 20.9772 -6.5947
-9.3845 20.9772 -7.4190
-9.3845 20.9772 -5.7703
-9.3845 20.9772 -8.2433
-9.3845 18.7691 -6.5947
-9.3845 18.7691 -4.9460
-9.3845 18.7691 -7.4190
-9.3845 18.7691 -5.7703
-9.3845 18.7691 -8.2433
-9.3845 22.6333 -3.2973
-9.3845 22.6333 -6.5947
-9.3845 22.6333 -2.4730
-9.3845 22.6333 -4.9460
-9.3845 22.6333 -7.4190
-9.3845 22.6333 -9.0677
-9.3845 22.6333 -5.7703
-9.3845 22.6333 -8.2433
-9.3845 22.6333 -4.1217
-9.3845 16.5609 -4.9460
-9.3845 16.5609 -5.7703
-9.3845 16.5609 -4.1217
-9.3845 20.4252 -6.5947
-9.3845 20.4252 -7.4190
-9.3845 20.4252 -8.2433
-9.3845 24.2894 -2.4730
-9.3845 18.2170 -6.5947
-9.3845 18.2170 -4.9460
-9.3845 18.2170 -7.4190
-9.3845 18.2170 -5.7703
-9.3845 18.2170 -4.1217
-9.3845 22.0812 -3.2973
-9.3845 22.0812 -6.5947
-9.3845 22.0812 -2.4730
-9.3845 22.0812 -4.9460
-9.3845 22.0812 -7.4190
-9.3845 22.0812 -9.0677
-9.3845 22.0812 -5.7703
-9.3845 22.0812 -8.2433
-9.3845 22.0812 -4.1217
-9.3845 16.0089 -4.9460
-9.3845 16.0089 -5.7703
-9.3845 19.8731 -7.4190
-9.3845 19.8731 -8.2433
-9.3845 23.7373 -6.5947
-9.3845 23.7373 -1.6487
-9.3845 23.7373 -2.4730
-9.3845 23.7373 -5.7703
-8.2805 17.6650 -3.2973
-8.2805 17.6650 -1.6487
-8.2805 17.6650 -2.4730
-8.2805 21.5292 -1.6487
-8.2805 21.5292 -2.4730
-8.2805 19.3211 -1.6487
-8.2805 19.3211 -2.4730
-8.2805 17.1130 -3.2973
-8.2805 17.1130 -1.6487
-8.2805 17.1130 -2.4730
-8.2805 15.4569 -4.1217
-8.2805 20.9772 -1.6487
-8.2805 20.9772 -2.4730
-8.2805 18.7691 -1.6487
-8.2805 18.7691 -2.4730
-8.2805 16.5609 -3.2973
-8.2805 16.5609 -2.4730
-8.2805 16.5609 -4.1217
-8.2805 20.4252 -1.6487
-8.2805 20.4252 -2.4730
-8.2805 18.2170 -3.2973
-8.2805 18.2170 -1.6487
-8.2805 18.2170 -2.4730
-8.2805 22.0812 -1.6487
-8.2805 16.0089 -4.1217
-8.2805 19.8731 -0.8243
-8.2805 19.8731 -1.6487
-8.2805 19.8731 -2.4730
-12.1447 27.0495 -3.2973
-12.1447 27.0495 -1.6487
-12.1447 27.0495 -2.4730
-12.1447 27.0495 -4.9460
-12.1447 27.0495 -4.1217
-12.1447 26.4975 -3.2973
-12.1447 26.4975 -1.6487
-12.1447 26.4975 -2.4730
-12.1447 26.4975 -4.9460
-12.1447 26.4975 -5.7703
-12.1447 26.4975 -4.1217
-11.0406 17.6650 -10.7163
-11.0406 17.6650 -9.8920
-11.0406 25.3934 -3.2973
-11.0406 25.3934 -6.5947
-11.0406 25.3934 -1.6487
-11.0406 25.3934 -2.4730
-11.0406 25.3934 -4.9460
-11.0406 25.3934 -5.7703
-11.0406 25.3934 -4.1217
-11.0406 19.3211 -10.7163
-11.0406 19.3211 -9.8920
-11.0406 17.1130 -9.8920
-11.0406 15.4569 -9.0677
-11.0406 15.4569 -8.2433
-11.0406 20.9772 -10.7163
-11.0406 24.8414 -3.2973
-11.0406 24.8414 -6.5947
-11.0406 24.8414 -2.4730
-11.0406 24.8414 -7.4190
-11.0406 24.8414 -8.2433
-11.0406 18.7691 -10.7163
-11.0406 18.7691 -9.8920
-11.0406 26.4975 -2.4730
-11.0406 20.4252 -10.7163
-11.0406 24.2894 -6.5947
-11.0406 24.2894 -7.4190
-11.0406 18.2170 -10.7163
-11.0406 18.2170 -9.8920
-11.0406 25.9455 -3.2973
-11.0406 25.9455 -6.5947
-11.0406 25.9455 -2.4730
-11.0406 25.9455 -4.9460
-11.0406 25.9455 -5.7703
-11.0406 25.9455 -4.1217
-11.0406 19.8731 -10.7163
-9.9366 17.6650 -7.4190
-9.9366 17.6650 -8.2433
-9.9366 21.5292 -10.7163
-9.9366 21.5292 -9.8920
-9.9366 21.5292 -9.0677
-9.9366 21.5292 -8.2433
-9.9366 19.3211 -9.8920
-9.9366 19.3211 -9.0677
-9.9366 19.3211 -8.2433
-9.9366 23.1853 -10.7163
-9.9366 23.1853 -3.2973
-9.9366 23.1853 -6.5947
-9.9366 23.1853 -2.4730
-9.9366 23.1853 -4.9460
-9.9366 23.1853 -9.8920
-9.9366 23.1853 -7.4190
-9.9366 23.1853 -9.0677
-9.9366 23.1853 -5.7703
-9.9366 23.1853 -8.2433
-9.9366 23.1853 -4.1217
-9.9366 17.1130 -6.5947
-9.9366 17.1130 -7.4190
-9.9366 17.1130 -5.7703
-9.9366 17.1130 -8.2433
-9.9366 20.9772 -9.8920
-9.9366 20.9772 -9.0677
-9.9366 20.9772 -8.2433
-9.9366 18.7691 -7.4190
-9.9366 18.7691 -9.0677
-9.9366 18.7691 -8.2433
-9.9366 22.6333 -10.7163
-9.9366 22.6333 -6.5947
-9.9366 22.6333 -9.8920
-9.9366 22.6333 -7.4190
-9.9366 22.6333 -9.0677
-9.9366 22.6333 -8.2433
-9.9366 16.5609 -6.5947
-9.9366 16.5609 -4.9460
-9.9366 16.5609 -7.4190
-9.9366 16.5609 -5.7703
-9.9366 16.5609 -8.2433
-9.9366 20.4252 -9.8920
-9.9366 20.4252 -9.0677
-9.9366 20.4252 -8.2433
-9.9366 24.2894 -3.2973
-9.9366 24.2894 -6.5947
-9.9366 24.2894 -2.4730
-9.9366 24.2894 -4.9460
-9.9366 24.2894 -7.4190
-9.9366 24.2894 -9.0677
-9.9366 24.2894 -5.7703
-9.9366 24.2894 -8.2433
-9.9366 24.2894 -4.1217
-9.9366 18.2170 -7.4190
-9.9366 18.2170 -9.0677
-9.9366 18.2170 -8.2433
-9.9366 22.0812 -10.7163
-9.9366 22.0812 -9.8920
-9.9366 22.0812 -9.0677
-9.9366 16.0089 -6.5947
-9.9366 16.0089 -4.9460
-9.9366 16.0089 -7.4190
-9.9366 16.0089 -5.7703
-9.9366 16.0089 -8.2433
-9.9366 19.8731 -9.8920
-9.9366 19.8731 -9.0677
-9.9366 19.8731 -8.2433
-9.9366 23.7373 -3.2973
-9.9366 23.7373 -6.5947
-9.9366 23.7373 -2.4730
-9.9366 23.7373 -4.9460
-9.9366 23.7373 -9.8920
-9.9366 23.7373 -7.4190
-9.9366 23.7373 -9.0677
-9.9366 23.7373 -5.7703
-9.9366 23.7373 -8.2433
-9.9366 23.7373 -4.1217
