0.0000 13.8008 -10.7163
0.0000 13.8008 -6.5947
0.0000 13.8008 -9.8920
0.0000 13.8008 -7.4190
0.0000 13.8008 -9.0677
0.0000 13.8008 -8.2433
0.0000 8.8325 -6.5947
0.0000 8.8325 -7.4190
0.0000 8.8325 -8.2433
0.0000 17.6650 -10.7163
0.0000 17.6650 -6.5947
0.0000 17.6650 -9.8920
0.0000 17.6650 -7.4190
0.0000 17.6650 -9.0677
0.0000 17.6650 -11.5407
0.0000 17.6650 -8.2433
0.0000 12.6967 -10.7163
0.0000 12.6967 -6.5947
0.0000 12.6967 -9.8920
0.0000 12.6967 -7.4190
0.0000 12.6967 -9.0677
0.0000 12.6967 -5.7703
0.0000 12.6967 -8.2433
0.0000 19.3211 -10.7163
0.0000 19.3211 -9.8920
0.0000 19.3211 -7.4190
0.0000 19.3211 -9.0677
0.0000 19.3211 -8.2433
0.0000 11.5927 -10.7163
0.0000 11.5927 -6.5947
0.0000 11.5927 -4.9460
0.0000 11.5927 -9.8920
0.0000 11.5927 -7.4190
0.0000 11.5927 -9.0677
0.0000 11.5927 -5.7703
0.0000 11.5927 -8.2433
0.0000 17.1130 -10.7163
0.0000 17.1130 -6.5947
0.0000 17.1130 -9.8920
0.0000 17.1130 -7.4190
0.0000 17.1130 -9.0677
0.0000 17.1130 -11.5407
0.0000 17.1130 -8.2433
0.0000 15.4569 -10.7163
0.0000 15.4569 -6.5947
0.0000 15.4569 -9.8920
0.0000 15.4569 -7.4190
0.0000 15.4569 -9.0677
0.0000 15.4569 -8.2433
0.0000 10.4886 -6.5947
0.0000 10.4886 -4.9460
0.0000 10.4886 -9.8920
0.0000 10.4886 -7.4190
0.0000 10.4886 -9.0677
0.0000 10.4886 -5.7703
0.0000 10.4886 -8.2433
0.0000 10.4886 -4.1217
0.0000 20.9772 -9.8920
0.0000 20.9772 -9.0677
0.0000 14.3528 -10.7163
0.0000 14.3528 -6.5947
0.0000 14.3528 -9.8920
0.0000 14.3528 -7.4190
0.0000 14.3528 -9.0677
0.0000 14.3528 -8.2433
0.0000 9.3845 -6.5947
0.0000 9.3845 -7.4190
0.0000 9.3845 -9.0677
0.0000 9.3845 -8.2433
0.0000 9.3845 -4.1217
0.0000 18.7691 -10.7163
0.0000 18.7691 -9.8920
0.0000 18.7691 -7.4190
0.0000 18.7691 -9.0677
0.0000 18.7691 -11.5407
0.0000 18.7691 -8.2433
0.0000 13.2488 -10.7163
0.0000 13.2488 -6.5947
0.0000 13.2488 -9.8920
0.0000 13.2488 -7.4190
0.0000 13.2488 -9.0677
0.0000 13.2488 -5.7703
0.0000 13.2488 -8.2433
0.0000 16.5609 -10.7163
0.0000 16.5609 -6.5947
0.0000 16.5609 -9.8920
0.0000 16.5609 -7.4190
0.0000 16.5609 -9.0677
0.0000 16.5609 -11.5407
0.0000 16.5609 -8.2433
0.0000 8.2805 -6.5947
0.0000 8.2805 -7.4190
0.0000 20.4252 -9.8920
0.0000 20.4252 -9.0677
0.0000 20.4252 -8.2433
0.0000 12.1447 -10.7163
0.0000 12.1447 -6.5947
0.0000 12.1447 -9.8920
0.0000 12.1447 -7.4190
0.0000 12.1447 -9.0677
0.0000 12.1447 -5.7703
0.0000 12.1447 -8.2433
0.0000 18.2170 -10.7163
0.0000 18.2170 -6.5947
0.0000 18.2170 -9.8920
0.0000 18.2170 -7.4190
0.0000 18.2170 -9.0677
0.0000 18.2170 -11.5407
0.0000 18.2170 -8.2433
0.0000 11.0406 -10.7163
0.0000 11.0406 -6.5947
0.0000 11.0406 -4.9460
0.0000 11.0406 -9.8920
0.0000 11.0406 -7.4190
0.0000 11.0406 -9.0677
0.0000 11.0406 -5.7703
0.0000 11.0406 -8.2433
0.0000 11.0406 -4.1217
0.0000 14.9048 -10.7163
0.0000 14.9048 -6.5947
0.0000 14.9048 -9.8920
0.0000 14.9048 -7.4190
0.0000 14.9048 -9.0677
0.0000 14.9048 -8.2433
0.0000 16.0089 -10.7163
0.0000 16.0089 -6.5947
0.0000 16.0089 -9.8920
0.0000 16.0089 -7.4190
0.0000 16.0089 -9.0677
0.0000 16.0089 -11.5407
0.0000 16.0089 -8.2433
0.0000 19.8731 -10.7163
0.0000 19.8731 -9.8920
0.0000 19.8731 -7.4190
0.0000 19.8731 -9.0677
0.0000 19.8731 -8.2433
0.0000 9.9366 -6.5947
0.0000 9.9366 -4.9460
0.0000 9.9366 -9.8920
0.0000 9.9366 -7.4190
0.0000 9.9366 -9.0677
0.0000 9.9366 -5.7703
0.0000 9.9366 -8.2433
0.0000 9.9366 -4.1217
0.5520 13.8008 -10.7163
0.5520 13.8008 -6.5947
0.5520 13.8008 -9.8920
0.5520 13.8008 -7.4190
0.5520 13.8008 -9.0677
0.5520 13.8008 -8.2433
0.5520 8.8325 -7.4190
0.5520 17.6650 -10.7163
0.5520 17.6650 -6.5947
0.5520 17.6650 -9.8920
0.5520 17.6650 -7.4190
0.5520 17.6650 -9.0677
0.5520 17.6650 -11.5407
0.5520 17.6650 -8.2433
0.5520 12.6967 -10.7163
0.5520 12.6967 -6.5947
0.5520 12.6967 -9.8920
0.5520 12.6967 -7.4190
0.5520 12.6967 -9.0677
0.5520 12.6967 -5.7703
0.5520 12.6967 -8.2433
0.5520 19.3211 -10.7163
0.5520 19.3211 -9.8920
0.5520 19.3211 -7.4190
0.5520 19.3211 -9.0677
0.5520 19.3211 -8.2433
0.5520 11.5927 -10.7163
0.5520 11.5927 -6.5947
0.5520 11.5927 -4.9460
0.5520 11.5927 -9.8920
0.5520 11.5927 -7.4190
0.5520 11.5927 -9.0677
0.5520 11.5927 -5.7703
0.5520 11.5927 -8.2433
0.5520 17.1130 -10.7163
0.5520 17.1130 -6.5947
0.5520 17.1130 -9.8920
0.5520 17.1130 -7.4190
0.5520 17.1130 -9.0677
0.5520 17.1130 -11.5407
0.5520 17.1130 -8.2433
0.5520 15.4569 -10.7163
0.5520 15.4569 -6.5947
0.5520 15.4569 -9.8920
0.5520 15.4569 -7.4190
0.5520 15.4569 -9.0677
0.5520 15.4569 -8.2433
0.5520 10.4886 -6.5947
0.5520 10.4886 -4.9460
0.5520 10.4886 -9.8920
0.5520 10.4886 -7.4190
0.5520 10.4886 -9.0677
0.5520 10.4886 -5.7703
0.5520 10.4886 -8.2433
0.5520 10.4886 -4.1217
0.5520 20.9772 -9.8920
0.5520 20.9772 -9.0677
0.5520 14.3528 -10.7163
0.5520 14.3528 -6.5947
0.5520 14.3528 -9.8920
0.5520 14.3528 -7.4190
0.5520 14.3528 -9.0677
0.5520 14.3528 -8.2433
0.5520 9.3845 -6.5947
0.5520 9.3845 -7.4190
0.5520 9.3845 -8.2433
0.5520 18.7691 -10.7163
0.5520 18.7691 -9.8920
0.5520 18.7691 -7.4190
0.5520 18.7691 -9.0677
0.5520 18.7691 -8.2433
0.5520 13.2488 -10.7163
0.5520 13.2488 -6.5947
0.5520 13.2488 -9.8920
0.5520 13.2488 -7.4190
0.5520 13.2488 -9.0677
0.5520 13.2488 -8.2433
0.5520 16.5609 -10.7163
0.5520 16.5609 -6.5947
0.5520 16.5609 -9.8920
0.5520 16.5609 -7.4190
0.5520 16.5609 -9.0677
0.5520 16.5609 -8.2433
0.5520 20.4252 -9.8920
0.5520 20.4252 -9.0677
0.5520 20.4252 -8.2433
0.5520 12.1447 -10.7163
0.5520 12.1447 -6.5947
0.5520 12.1447 -9.8920
0.5520 12.1447 -7.4190
0.5520 12.1447 -9.0677
0.5520 12.1447 -5.7703
0.5520 12.1447 -8.2433
0.5520 18.2170 -10.7163
0.5520 18.2170 -9.8920
0.5520 18.2170 -7.4190
0.5520 18.2170 -9.0677
0.5520 18.2170 -8.2433
0.5520 11.0406 -6.5947
0.5520 11.0406 -4.9460
0.5520 11.0406 -9.8920
0.5520 11.0406 -7.4190
0.5520 11.0406 -9.0677
0.5520 11.0406 -5.7703
0.5520 11.0406 -8.2433
0.5520 14.9048 -10.7163
0.5520 14.9048 -6.5947
0.5520 14.9048 -9.8920
0.5520 14.9048 -7.4190
0.5520 14.9048 -9.0677
0.5520 14.9048 -8.2433
0.5520 16.0089 -10.7163
0.5520 16.0089 -6.5947
0.5520 16.0089 -9.8920
0.5520 16.0089 -7.4190
0.5520 16.0089 -9.0677
0.5520 16.0089 -8.2433
0.5520 19.8731 -10.7163
0.5520 19.8731 -9.8920
0.5520 19.8731 -7.4190
0.5520 19.8731 -9.0677
0.5520 19.8731 -8.2433
0.5520 9.9366 -6.5947
0.5520 9.9366 -4.9460
0.5520 9.9366 -7.4190
0.5520 9.9366 -9.0677
0.5520 9.9366 -5.7703
0.5520 9.9366 -8.2433
0.5520 9.9366 -4.1217
-0.5520 13.8008 -10.7163
-0.5520 13.8008 -6.5947
-0.5520 13.8008 -9.8920
-0.5520 13.8008 -7.4190
-0.5520 13.8008 -9.0677
-0.5520 13.8008 -11.5407
-0.5520 13.8008 -5.7703
-0.5520 13.8008 -8.2433
-0.5520 8.8325 -6.5947
-0.5520 8.8325 -4.9460
-0.5520 8.8325 -7.4190
-0.5520 8.8325 -5.7703
-0.5520 8.8325 -8.2433
-0.5520 17.6650 -10.7163
-0.5520 17.6650 -6.5947
-0.5520 17.6650 -9.8920
-0.5520 17.6650 -7.4190
-0.5520 17.6650 -9.0677
-0.5520 17.6650 -11.5407
-0.5520 17.6650 -8.2433
-0.5520 12.6967 -10.7163
-0.5520 12.6967 -6.5947
-0.5520 12.6967 -4.9460
-0.5520 12.6967 -9.8920
-0.5520 12.6967 -7.4190
-0.5520 12.6967 -9.0677
-0.5520 12.6967 -5.7703
-0.5520 12.6967 -8.2433
-0.5520 19.3211 -10.7163
-0.5520 19.3211 -9.8920
-0.5520 19.3211 -7.4190
-0.5520 19.3211 -9.0677
-0.5520 19.3211 -11.5407
-0.5520 19.3211 -8.2433
-0.5520 11.5927 -10.7163
-0.5520 11.5927 -6.5947
-0.5520 11.5927 -4.9460
-0.5520 11.5927 -9.8920
-0.5520 11.5927 -7.4190
-0.5520 11.5927 -9.0677
-0.5520 11.5927 -5.7703
-0.5520 11.5927 -8.2433
-0.5520 7.7284 -7.4190
-0.5520 17.1130 -10.7163
-0.5520 17.1130 -6.5947
-0.5520 17.1130 -9.8920
-0.5520 17.1130 -7.4190
-0.5520 17.1130 -9.0677
-0.5520 17.1130 -11.5407
-0.5520 17.1130 -8.2433
-0.5520 15.4569 -10.7163
-0.5520 15.4569 -6.5947
-0.5520 15.4569 -9.8920
-0.5520 15.4569 -7.4190
-0.5520 15.4569 -9.0677
-0.5520 15.4569 -11.5407
-0.5520 15.4569 -8.2433
-0.5520 10.4886 -6.5947
-0.5520 10.4886 -4.9460
-0.5520 10.4886 -9.8920
-0.5520 10.4886 -7.4190
-0.5520 10.4886 -9.0677
-0.5520 10.4886 -5.7703
-0.5520 10.4886 -8.2433
-0.5520 10.4886 -4.1217
-0.5520 20.9772 -9.8920
-0.5520 20.9772 -9.0677
-0.5520 14.3528 -10.7163
-0.5520 14.3528 -6.5947
-0.5520 14.3528 -9.8920
-0.5520 14.3528 -7.4190
-0.5520 14.3528 -9.0677
-0.5520 14.3528 -11.5407
-0.5520 14.3528 -5.7703
-0.5520 14.3528 -8.2433
-0.5520 9.3845 -6.5947
-0.5520 9.3845 -4.9460
-0.5520 9.3845 -9.8920
-0.5520 9.3845 -7.4190
-0.5520 9.3845 -9.0677
-0.5520 9.3845 -5.7703
-0.5520 9.3845 -8.2433
-0.5520 9.3845 -4.1217
-0.5520 18.7691 -10.7163
-0.5520 18.7691 -6.5947
-0.5520 18.7691 -9.8920
-0.5520 18.7691 -7.4190
-0.5520 18.7691 -9.0677
-0.5520 18.7691 -11.5407
-0.5520 18.7691 -8.2433
-0.5520 13.2488 -10.7163
-0.5520 13.2488 -6.5947
-0.5520 13.2488 -9.8920
-0.5520 13.2488 -7.4190
-0.5520 13.2488 -9.0677
-0.5520 13.2488 -5.7703
-0.5520 13.2488 -8.2433
-0.5520 16.5609 -10.7163
-0.5520 16.5609 -6.5947
-0.5520 16.5609 -9.8920
-0.5520 16.5609 -7.4190
-0.5520 16.5609 -9.0677
-0.5520 16.5609 -11.5407
-0.5520 16.5609 -8.2433
-0.5520 8.2805 -6.5947
-0.5520 8.2805 -7.4190
-0.5520 8.2805 -8.2433
-0.5520 20.4252 -10.7163
-0.5520 20.4252 -9.8920
-0.5520 20.4252 -9.0677
-0.5520 20.4252 -8.2433
-0.5520 12.1447 -10.7163
-0.5520 12.1447 -6.5947
-0.5520 12.1447 -4.9460
-0.5520 12.1447 -9.8920
-0.5520 12.1447 -7.4190
-0.5520 12.1447 -9.0677
-0.5520 12.1447 -5.7703
-0.5520 12.1447 -8.2433
-0.5520 18.2170 -10.7163
-0.5520 18.2170 -6.5947
-0.5520 18.2170 -9.8920
-0.5520 18.2170 -7.4190
-0.5520 18.2170 -9.0677
-0.5520 18.2170 -11.5407
-0.5520 18.2170 -8.2433
-0.5520 11.0406 -10.7163
-0.5520 11.0406 -6.5947
-0.5520 11.0406 -4.9460
-0.5520 11.0406 -9.8920
-0.5520 11.0406 -7.4190
-0.5520 11.0406 -9.0677
-0.5520 11.0406 -5.7703
-0.5520 11.0406 -8.2433
-0.5520 11.0406 -4.1217
-0.5520 14.9048 -10.7163
-0.5520 14.9048 -6.5947
-0.5520 14.9048 -9.8920
-0.5520 14.9048 -7.4190
-0.5520 14.9048 -9.0677
-0.5520 14.9048 -11.5407
-0.5520 14.9048 -8.2433
-0.5520 16.0089 -10.7163
-0.5520 16.0089 -6.5947
-0.5520 16.0089 -9.8920
-0.5520 16.0089 -7.4190
-0.5520 16.0089 -9.0677
-0.5520 16.0089 -11.5407
-0.5520 16.0089 -8.2433
-0.5520 19.8731 -10.7163
-0.5520 19.8731 -9.8920
-0.5520 19.8731 -7.4190
-0.5520 19.8731 -9.0677
-0.5520 19.8731 -8.2433
-0.5520 9.9366 -6.5947
-0.5520 9.9366 -4.9460
-0.5520 9.9366 -9.8920
-0.5520 9.9366 -7.4190
-0.5520 9.9366 -9.0677
-0.5520 9.9366 -5.7703
-0.5520 9.9366 -8.2433
-0.5520 9.9366 -4.1217
1.1041 13.8008 -10.7163
1.1041 13.8008 -6.5947
1.1041 13.8008 -9.8920
1.1041 13.8008 -7.4190
1.1041 13.8008 -9.0677
1.1041 13.8008 -8.2433
1.1041 17.6650 -10.7163
1.1041 17.6650 -9.8920
1.1041 17.6650 -7.4190
1.1041 17.6650 -9.0677
1.1041 17.6650 -8.2433
1.1041 12.6967 -10.7163
1.1041 12.6967 -6.5947
1.1041 12.6967 -9.8920
1.1041 12.6967 -7.4190
1.1041 12.6967 -9.0677
1.1041 12.6967 -5.7703
1.1041 12.6967 -8.2433
1.1041 19.3211 -10.7163
1.1041 19.3211 -9.8920
1.1041 19.3211 -7.4190
1.1041 19.3211 -9.0677
1.1041 19.3211 -8.2433
1.1041 11.5927 -6.5947
1.1041 11.5927 -9.8920
1.1041 11.5927 -7.4190
1.1041 11.5927 -9.0677
1.1041 11.5927 -5.7703
1.1041 11.5927 -8.2433
1.1041 17.1130 -10.7163
1.1041 17.1130 -6.5947
1.1041 17.1130 -9.8920
1.1041 17.1130 -7.4190
1.1041 17.1130 -9.0677
1.1041 17.1130 -8.2433
1.1041 15.4569 -10.7163
1.1041 15.4569 -6.5947
1.1041 15.4569 -9.8920
1.1041 15.4569 -7.4190
1.1041 15.4569 -9.0677
1.1041 15.4569 -8.2433
1.1041 10.4886 -6.5947
1.1041 10.4886 -4.9460
1.1041 10.4886 -7.4190
1.1041 10.4886 -9.0677
1.1041 10.4886 -5.7703
1.1041 10.4886 -8.2433
1.1041 14.3528 -10.7163
1.1041 14.3528 -6.5947
1.1041 14.3528 -9.8920
1.1041 14.3528 -7.4190
1.1041 14.3528 -9.0677
1.1041 14.3528 -8.2433
1.1041 9.3845 -7.4190
1.1041 18.7691 -10.7163
1.1041 18.7691 -9.8920
1.1041 18.7691 -7.4190
1.1041 18.7691 -9.0677
1.1041 18.7691 -8.2433
1.1041 13.2488 -10.7163
1.1041 13.2488 -6.5947
1.1041 13.2488 -9.8920
1.1041 13.2488 -7.4190
1.1041 13.2488 -9.0677
1.1041 13.2488 -8.2433
1.1041 16.5609 -10.7163
1.1041 16.5609 -6.5947
1.1041 16.5609 -9.8920
1.1041 16.5609 -7.4190
1.1041 16.5609 -9.0677
1.1041 16.5609 -8.2433
1.1041 20.4252 -9.0677
1.1041 20.4252 -8.2433
1.1041 12.1447 -10.7163
1.1041 12.1447 -6.5947
1.1041 12.1447 -9.8920
1.1041 12.1447 -7.4190
1.1041 12.1447 -9.0677
1.1041 12.1447 -5.7703
1.1041 12.1447 -8.2433
1.1041 18.2170 -10.7163
1.1041 18.2170 -9.8920
1.1041 18.2170 -7.4190
1.1041 18.2170 -9.0677
1.1041 18.2170 -8.2433
1.1041 11.0406 -6.5947
1.1041 11.0406 -9.8920
1.1041 11.0406 -7.4190
1.1041 11.0406 -9.0677
1.1041 11.0406 -5.7703
1.1041 11.0406 -8.2433
1.1041 14.9048 -10.7163
1.1041 14.9048 -6.5947
1.1041 14.9048 -9.8920
1.1041 14.9048 -7.4190
1.1041 14.9048 -9.0677
1.1041 14.9048 -8.2433
1.1041 16.0089 -10.7163
1.1041 16.0089 -6.5947
1.1041 16.0089 -9.8920
1.1041 16.0089 -7.4190
1.1041 16.0089 -9.0677
1.1041 16.0089 -8.2433
1.1041 19.8731 -9.8920
1.1041 19.8731 -9.0677
1.1041 19.8731 -8.2433
1.1041 9.9366 -6.5947
1.1041 9.9366 -4.9460
1.1041 9.9366 -7.4190
1.1041 9.9366 -5.7703
1.1041 9.9366 -8.2433
-1.1041 13.8008 -10.7163
-1.1041 13.8008 -6.5947
-1.1041 13.8008 -9.8920
-1.1041 13.8008 -7.4190
-1.1041 13.8008 -9.0677
-1.1041 13.8008 -11.5407
-1.1041 13.8008 -5.7703
-1.1041 13.8008 -8.2433
-1.1041 8.8325 -6.5947
-1.1041 8.8325 -4.9460
-1.1041 8.8325 -9.8920
-1.1041 8.8325 -7.4190
-1.1041 8.8325 -9.0677
-1.1041 8.8325 -5.7703
-1.1041 8.8325 -8.2433
-1.1041 17.6650 -10.7163
-1.1041 17.6650 -6.5947
-1.1041 17.6650 -9.8920
-1.1041 17.6650 -7.4190
-1.1041 17.6650 -9.0677
-1.1041 17.6650 -11.5407
-1.1041 17.6650 -8.2433
-1.1041 12.6967 -10.7163
-1.1041 12.6967 -6.5947
-1.1041 12.6967 -4.9460
-1.1041 12.6967 -9.8920
-1.1041 12.6967 -7.4190
-1.1041 12.6967 -9.0677
-1.1041 12.6967 -11.5407
-1.1041 12.6967 -5.7703
-1.1041 12.6967 -8.2433
-1.1041 19.3211 -10.7163
-1.1041 19.3211 -6.5947
-1.1041 19.3211 -9.8920
-1.1041 19.3211 -7.4190
-1.1041 19.3211 -9.0677
-1.1041 19.3211 -11.5407
-1.1041 19.3211 -8.2433
-1.1041 11.5927 -10.7163
-1.1041 11.5927 -6.5947
-1.1041 11.5927 -4.9460
-1.1041 11.5927 -9.8920
-1.1041 11.5927 -7.4190
-1.1041 11.5927 -9.0677
-1.1041 11.5927 -5.7703
-1.1041 11.5927 -8.2433
-1.1041 7.7284 -7.4190
-1.1041 17.1130 -10.7163
-1.1041 17.1130 -6.5947
-1.1041 17.1130 -9.8920
-1.1041 17.1130 -7.4190
-1.1041 17.1130 -9.0677
-1.1041 17.1130 -11.5407
-1.1041 17.1130 -8.2433
-1.1041 15.4569 -10.7163
-1.1041 15.4569 -6.5947
-1.1041 15.4569 -9.8920
-1.1041 15.4569 -7.4190
-1.1041 15.4569 -9.0677
-1.1041 15.4569 -11.5407
-1.1041 15.4569 -5.7703
-1.1041 15.4569 -8.2433
-1.1041 10.4886 -6.5947
-1.1041 10.4886 -4.9460
-1.1041 10.4886 -9.8920
-1.1041 10.4886 -7.4190
-1.1041 10.4886 -9.0677
-1.1041 10.4886 -5.7703
-1.1041 10.4886 -8.2433
-1.1041 10.4886 -4.1217
-1.1041 20.9772 -10.7163
-1.1041 20.9772 -9.8920
-1.1041 20.9772 -9.0677
-1.1041 14.3528 -10.7163
-1.1041 14.3528 -6.5947
-1.1041 14.3528 -9.8920
-1.1041 14.3528 -7.4190
-1.1041 14.3528 -9.0677
-1.1041 14.3528 -11.5407
-1.1041 14.3528 -5.7703
-1.1041 14.3528 -8.2433
-1.1041 9.3845 -6.5947
-1.1041 9.3845 -4.9460
-1.1041 9.3845 -9.8920
-1.1041 9.3845 -7.4190
-1.1041 9.3845 -9.0677
-1.1041 9.3845 -5.7703
-1.1041 9.3845 -8.2433
-1.1041 9.3845 -4.1217
-1.1041 18.7691 -10.7163
-1.1041 18.7691 -6.5947
-1.1041 18.7691 -9.8920
-1.1041 18.7691 -7.4190
-1.1041 18.7691 -9.0677
-1.1041 18.7691 -11.5407
-1.1041 18.7691 -8.2433
-1.1041 13.2488 -10.7163
-1.1041 13.2488 -6.5947
-1.1041 13.2488 -9.8920
-1.1041 13.2488 -7.4190
-1.1041 13.2488 -9.0677
-1.1041 13.2488 -11.5407
-1.1041 13.2488 -5.7703
-1.1041 13.2488 -8.2433
-1.1041 16.5609 -10.7163
-1.1041 16.5609 -6.5947
-1.1041 16.5609 -9.8920
-1.1041 16.5609 -7.4190
-1.1041 16.5609 -9.0677
-1.1041 16.5609 -11.5407
-1.1041 16.5609 -5.7703
-1.1041 16.5609 -8.2433
-1.1041 8.2805 -6.5947
-1.1041 8.2805 -4.9460
-1.1041 8.2805 -7.4190
-1.1041 8.2805 -5.7703
-1.1041 8.2805 -8.2433
-1.1041 20.4252 -10.7163
-1.1041 20.4252 -9.8920
-1.1041 20.4252 -9.0677
-1.1041 20.4252 -8.2433
-1.1041 12.1447 -10.7163
-1.1041 12.1447 -6.5947
-1.1041 12.1447 -4.9460
-1.1041 12.1447 -9.8920
-1.1041 12.1447 -7.4190
-1.1041 12.1447 -9.0677
-1.1041 12.1447 -5.7703
-1.1041 12.1447 -8.2433
-1.1041 18.2170 -10.7163
-1.1041 18.2170 -6.5947
-1.1041 18.2170 -9.8920
-1.1041 18.2170 -7.4190
-1.1041 18.2170 -9.0677
-1.1041 18.2170 -11.5407
-1.1041 18.2170 -8.2433
-1.1041 11.0406 -10.7163
-1.1041 11.0406 -6.5947
-1.1041 11.0406 -4.9460
-1.1041 11.0406 -9.8920
-1.1041 11.0406 -7.4190
-1.1041 11.0406 -9.0677
-1.1041 11.0406 -5.7703
-1.1041 11.0406 -8.2433
-1.1041 11.0406 -4.1217
-1.1041 14.9048 -10.7163
-1.1041 14.9048 -6.5947
-1.1041 14.9048 -9.8920
-1.1041 14.9048 -7.4190
-1.1041 14.9048 -9.0677
-1.1041 14.9048 -11.5407
-1.1041 14.9048 -5.7703
-1.1041 14.9048 -8.2433
-1.1041 16.0089 -10.7163
-1.1041 16.0089 -6.5947
-1.1041 16.0089 -9.8920
-1.1041 16.0089 -7.4190
-1.1041 16.0089 -9.0677
-1.1041 16.0089 -11.5407
-1.1041 16.0089 -5.7703
-1.1041 16.0089 -8.2433
-1.1041 19.8731 -10.7163
-1.1041 19.8731 -9.8920
-1.1041 19.8731 -9.0677
-1.1041 19.8731 -11.5407
-1.1041 19.8731 -8.2433
-1.1041 9.9366 -6.5947
-1.1041 9.9366 -4.9460
-1.1041 9.9366 -9.8920
-1.1041 9.9366 -7.4190
-1.1041 9.9366 -9.0677
-1.1041 9.9366 -5.7703
-1.1041 9.9366 -8.2433
-1.1041 9.9366 -4.1217
4.4162 13.8008 -7.4190
4.4162 13.8008 -8.2433
4.4162 17.1130 -9.0677
4.4162 17.1130 -8.2433
4.4162 15.4569 -7.4190
4.4162 15.4569 -9.0677
4.4162 15.4569 -8.2433
4.4162 14.3528 -7.4190
4.4162 14.3528 -8.2433
4.4162 16.5609 -7.4190
4.4162 16.5609 -9.0677
4.4162 16.5609 -8.2433
4.4162 14.9048 -7.4190
4.4162 14.9048 -8.2433
4.4162 16.0089 -7.4190
4.4162 16.0089 -9.0677
4.4162 16.0089 -8.2433
-4.4162 13.8008 -10.7163
-4.4162 13.8008 -6.5947
-4.4162 13.8008 -4.9460
-4.4162 13.8008 -9.8920
-4.4162 13.8008 -12.3650
-4.4162 13.8008 -7.4190
-4.4162 13.8008 -9.0677
-4.4162 13.8008 -11.5407
-4.4162 13.8008 -5.7703
-4.4162 13.8008 -8.2433
-4.4162 13.8008 -4.1217
-4.4162 8.8325 -6.5947
-4.4162 8.8325 -4.9460
-4.4162 8.8325 -9.8920
-4.4162 8.8325 -7.4190
-4.4162 8.8325 -9.0677
-4.4162 8.8325 -5.7703
-4.4162 8.8325 -8.2433
-4.4162 17.6650 -10.7163
-4.4162 17.6650 -6.5947
-4.4162 17.6650 -9.8920
-4.4162 17.6650 -12.3650
-4.4162 17.6650 -7.4190
-4.4162 17.6650 -9.0677
-4.4162 17.6650 -11.5407
-4.4162 17.6650 -8.2433
-4.4162 12.6967 -10.7163
-4.4162 12.6967 -3.2973
-4.4162 12.6967 -6.5947
-4.4162 12.6967 -4.9460
-4.4162 12.6967 -9.8920
-4.4162 12.6967 -7.4190
-4.4162 12.6967 -9.0677
-4.4162 12.6967 -11.5407
-4.4162 12.6967 -5.7703
-4.4162 12.6967 -8.2433
-4.4162 12.6967 -4.1217
-4.4162 19.3211 -9.8920
-4.4162 19.3211 -9.0677
-4.4162 11.5927 -10.7163
-4.4162 11.5927 -3.2973
-4.4162 11.5927 -6.5947
-4.4162 11.5927 -2.4730
-4.4162 11.5927 -4.9460
-4.4162 11.5927 -9.8920
-4.4162 11.5927 -7.4190
-4.4162 11.5927 -9.0677
-4.4162 11.5927 -11.5407
-4.4162 11.5927 -5.7703
-4.4162 11.5927 -8.2433
-4.4162 11.5927 -4.1217
-4.4162 7.7284 -6.5947
-4.4162 7.7284 -7.4190
-4.4162 17.1130 -10.7163
-4.4162 17.1130 -6.5947
-4.4162 17.1130 -4.9460
-4.4162 17.1130 -9.8920
-4.4162 17.1130 -12.3650
-4.4162 17.1130 -7.4190
-4.4162 17.1130 -9.0677
-4.4162 17.1130 -11.5407
-4.4162 17.1130 -5.7703
-4.4162 17.1130 -8.2433
-4.4162 15.4569 -10.7163
-4.4162 15.4569 -6.5947
-4.4162 15.4569 -4.9460
-4.4162 15.4569 -9.8920
-4.4162 15.4569 -12.3650
-4.4162 15.4569 -7.4190
-4.4162 15.4569 -9.0677
-4.4162 15.4569 -11.5407
-4.4162 15.4569 -5.7703
-4.4162 15.4569 -8.2433
-4.4162 10.4886 -10.7163
-4.4162 10.4886 -3.2973
-4.4162 10.4886 -6.5947
-4.4162 10.4886 -4.9460
-4.4162 10.4886 -9.8920
-4.4162 10.4886 -7.4190
-4.4162 10.4886 -9.0677
-4.4162 10.4886 -5.7703
-4.4162 10.4886 -8.2433
-4.4162 10.4886 -4.1217
-4.4162 14.3528 -10.7163
-4.4162 14.3528 -6.5947
-4.4162 14.3528 -4.9460
-4.4162 14.3528 -9.8920
-4.4162 14.3528 -12.3650
-4.4162 14.3528 -7.4190
-4.4162 14.3528 -9.0677
-4.4162 14.3528 -11.5407
-4.4162 14.3528 -5.7703
-4.4162 14.3528 -8.2433
-4.4162 14.3528 -4.1217
-4.4162 9.3845 -6.5947
-4.4162 9.3845 -4.9460
-4.4162 9.3845 -9.8920
-4.4162 9.3845 -7.4190
-4.4162 9.3845 -9.0677
-4.4162 9.3845 -5.7703
-4.4162 9.3845 -8.2433
-4.4162 9.3845 -4.1217
-4.4162 18.7691 -10.7163
-4.4162 18.7691 -9.8920
-4.4162 18.7691 -9.0677
-4.4162 18.7691 -11.5407
-4.4162 18.7691 -8.2433
-4.4162 13.2488 -10.7163
-4.4162 13.2488 -3.2973
-4.4162 13.2488 -6.5947
-4.4162 13.2488 -4.9460
-4.4162 13.2488 -9.8920
-4.4162 13.2488 -7.4190
-4.4162 13.2488 -9.0677
-4.4162 13.2488 -11.5407
-4.4162 13.2488 -5.7703
-4.4162 13.2488 -8.2433
-4.4162 13.2488 -4.1217
-4.4162 16.5609 -10.7163
-4.4162 16.5609 -6.5947
-4.4162 16.5609 -4.9460
-4.4162 16.5609 -9.8920
-4.4162 16.5609 -12.3650
-4.4162 16.5609 -7.4190
-4.4162 16.5609 -9.0677
-4.4162 16.5609 -11.5407
-4.4162 16.5609 -5.7703
-4.4162 16.5609 -8.2433
-4.4162 8.2805 -6.5947
-4.4162 8.2805 -4.9460
-4.4162 8.2805 -7.4190
-4.4162 8.2805 -5.7703
-4.4162 8.2805 -8.2433
-4.4162 12.1447 -10.7163
-4.4162 12.1447 -3.2973
-4.4162 12.1447 -6.5947
-4.4162 12.1447 -4.9460
-4.4162 12.1447 -9.8920
-4.4162 12.1447 -7.4190
-4.4162 12.1447 -9.0677
-4.4162 12.1447 -11.5407
-4.4162 12.1447 -5.7703
-4.4162 12.1447 -8.2433
-4.4162 12.1447 -4.1217
-4.4162 18.2170 -10.7163
-4.4162 18.2170 -6.5947
-4.4162 18.2170 -9.8920
-4.4162 18.2170 -12.3650
-4.4162 18.2170 -7.4190
-4.4162 18.2170 -9.0677
-4.4162 18.2170 -11.5407
-4.4162 18.2170 -8.2433
-4.4162 11.0406 -10.7163
-4.4162 11.0406 -3.2973
-4.4162 11.0406 -6.5947
-4.4162 11.0406 -2.4730
-4.4162 11.0406 -4.9460
-4.4162 11.0406 -9.8920
-4.4162 11.0406 -7.4190
-4.4162 11.0406 -9.0677
-4.4162 11.0406 -5.7703
-4.4162 11.0406 -8.2433
-4.4162 11.0406 -4.1217
-4.4162 14.9048 -10.7163
-4.4162 14.9048 -6.5947
-4.4162 14.9048 -4.9460
-4.4162 14.9048 -9.8920
-4.4162 14.9048 -12.3650
-4.4162 14.9048 -7.4190
-4.4162 14.9048 -9.0677
-4.4162 14.9048 -11.5407
-4.4162 14.9048 -5.7703
-4.4162 14.9048 -8.2433
-4.4162 14.9048 -4.1217
-4.4162 16.0089 -10.7163
-4.4162 16.0089 -6.5947
-4.4162 16.0089 -4.9460
-4.4162 16.0089 -9.8920
-4.4162 16.0089 -12.3650
-4.4162 16.0089 -7.4190
-4.4162 16.0089 -9.0677
-4.4162 16.0089 -11.5407
-4.4162 16.0089 -5.7703
-4.4162 16.0089 -8.2433
-4.4162 9.9366 -6.5947
-4.4162 9.9366 -4.9460
-4.4162 9.9366 -9.8920
-4.4162 9.9366 -7.4190
-4.4162 9.9366 -9.0677
-4.4162 9.9366 -5.7703
-4.4162 9.9366 -8.2433
-4.4162 9.9366 -4.1217
-8.8325 13.8008 -9.8920
-8.8325 13.8008 -7.4190
-8.8325 13.8008 -9.0677
-8.8325 13.8008 -8.2433
-8.8325 14.3528 -9.8920
-8.8325 14.3528 -7.4190
-8.8325 14.3528 -9.0677
-8.8325 14.3528 -8.2433
-8.8325 13.2488 -9.8920
-8.8325 13.2488 -7.4190
-8.8325 13.2488 -9.0677
-8.8325 13.2488 -8.2433
-8.8325 14.9048 -9.8920
-8.8325 14.9048 -9.0677
-8.8325 14.9048 -8.2433
2.2081 13.8008 -6.5947
2.2081 13.8008 -9.8920
2.2081 13.8008 -7.4190
2.2081 13.8008 -9.0677
2.2081 13.8008 -8.2433
2.2081 17.6650 -10.7163
2.2081 17.6650 -9.8920
2.2081 17.6650 -7.4190
2.2081 17.6650 -9.0677
2.2081 17.6650 -8.2433
2.2081 12.6967 -6.5947
2.2081 12.6967 -7.4190
2.2081 12.6967 -9.0677
2.2081 12.6967 -8.2433
2.2081 19.3211 -9.8920
2.2081 19.3211 -9.0677
2.2081 19.3211 -8.2433
2.2081 11.5927 -6.5947
2.2081 11.5927 -7.4190
2.2081 11.5927 -9.0677
2.2081 11.5927 -5.7703
2.2081 11.5927 -8.2433
2.2081 17.1130 -10.7163
2.2081 17.1130 -9.8920
2.2081 17.1130 -7.4190
2.2081 17.1130 -9.0677
2.2081 17.1130 -8.2433
2.2081 15.4569 -6.5947
2.2081 15.4569 -9.8920
2.2081 15.4569 -7.4190
2.2081 15.4569 -9.0677
2.2081 15.4569 -8.2433
2.2081 10.4886 -6.5947
2.2081 10.4886 -7.4190
2.2081 10.4886 -5.7703
2.2081 14.3528 -6.5947
2.2081 14.3528 -9.8920
2.2081 14.3528 -7.4190
2.2081 14.3528 -9.0677
2.2081 14.3528 -8.2433
2.2081 18.7691 -10.7163
2.2081 18.7691 -9.8920
2.2081 18.7691 -7.4190
2.2081 18.7691 -9.0677
2.2081 18.7691 -8.2433
2.2081 13.2488 -6.5947
2.2081 13.2488 -9.8920
2.2081 13.2488 -7.4190
2.2081 13.2488 -9.0677
2.2081 13.2488 -8.2433
2.2081 16.5609 -9.8920
2.2081 16.5609 -7.4190
2.2081 16.5609 -9.0677
2.2081 16.5609 -8.2433
2.2081 12.1447 -6.5947
2.2081 12.1447 -7.4190
2.2081 12.1447 -9.0677
2.2081 12.1447 -8.2433
2.2081 18.2170 -10.7163
2.2081 18.2170 -9.8920
2.2081 18.2170 -7.4190
2.2081 18.2170 -9.0677
2.2081 18.2170 -8.2433
2.2081 11.0406 -6.5947
2.2081 11.0406 -7.4190
2.2081 11.0406 -5.7703
2.2081 11.0406 -8.2433
2.2081 14.9048 -6.5947
2.2081 14.9048 -9.8920
2.2081 14.9048 -7.4190
2.2081 14.9048 -9.0677
2.2081 14.9048 -8.2433
2.2081 16.0089 -6.5947
2.2081 16.0089 -9.8920
2.2081 16.0089 -7.4190
2.2081 16.0089 -9.0677
2.2081 16.0089 -8.2433
2.2081 19.8731 -9.0677
2.2081 19.8731 -8.2433
-2.2081 13.8008 -10.7163
-2.2081 13.8008 -6.5947
-2.2081 13.8008 -4.9460
-2.2081 13.8008 -9.8920
-2.2081 13.8008 -7.4190
-2.2081 13.8008 -9.0677
-2.2081 13.8008 -11.5407
-2.2081 13.8008 -5.7703
-2.2081 13.8008 -8.2433
-2.2081 8.8325 -6.5947
-2.2081 8.8325 -4.9460
-2.2081 8.8325 -9.8920
-2.2081 8.8325 -7.4190
-2.2081 8.8325 -9.0677
-2.2081 8.8325 -5.7703
-2.2081 8.8325 -8.2433
-2.2081 8.8325 -4.1217
-2.2081 17.6650 -10.7163
-2.2081 17.6650 -6.5947
-2.2081 17.6650 -9.8920
-2.2081 17.6650 -12.3650
-2.2081 17.6650 -7.4190
-2.2081 17.6650 -9.0677
-2.2081 17.6650 -11.5407
-2.2081 17.6650 -5.7703
-2.2081 17.6650 -8.2433
-2.2081 12.6967 -10.7163
-2.2081 12.6967 -6.5947
-2.2081 12.6967 -4.9460
-2.2081 12.6967 -9.8920
-2.2081 12.6967 -7.4190
-2.2081 12.6967 -9.0677
-2.2081 12.6967 -11.5407
-2.2081 12.6967 -5.7703
-2.2081 12.6967 -8.2433
-2.2081 12.6967 -4.1217
-2.2081 19.3211 -10.7163
-2.2081 19.3211 -6.5947
-2.2081 19.3211 -9.8920
-2.2081 19.3211 -7.4190
-2.2081 19.3211 -9.0677
-2.2081 19.3211 -11.5407
-2.2081 19.3211 -8.2433
-2.2081 11.5927 -10.7163
-2.2081 11.5927 -6.5947
-2.2081 11.5927 -4.9460
-2.2081 11.5927 -9.8920
-2.2081 11.5927 -7.4190
-2.2081 11.5927 -9.0677
-2.2081 11.5927 -11.5407
-2.2081 11.5927 -5.7703
-2.2081 11.5927 -8.2433
-2.2081 11.5927 -4.1217
-2.2081 7.7284 -6.5947
-2.2081 7.7284 -4.9460
-2.2081 7.7284 -7.4190
-2.2081 7.7284 -5.7703
-2.2081 7.7284 -8.2433
-2.2081 17.1130 -10.7163
-2.2081 17.1130 -6.5947
-2.2081 17.1130 -9.8920
-2.2081 17.1130 -12.3650
-2.2081 17.1130 -7.4190
-2.2081 17.1130 -9.0677
-2.2081 17.1130 -11.5407
-2.2081 17.1130 -5.7703
-2.2081 17.1130 -8.2433
-2.2081 15.4569 -10.7163
-2.2081 15.4569 -6.5947
-2.2081 15.4569 -9.8920
-2.2081 15.4569 -12.3650
-2.2081 15.4569 -7.4190
-2.2081 15.4569 -9.0677
-2.2081 15.4569 -11.5407
-2.2081 15.4569 -5.7703
-2.2081 15.4569 -8.2433
-2.2081 10.4886 -10.7163
-2.2081 10.4886 -3.2973
-2.2081 10.4886 -6.5947
-2.2081 10.4886 -4.9460
-2.2081 10.4886 -9.8920
-2.2081 10.4886 -7.4190
-2.2081 10.4886 -9.0677
-2.2081 10.4886 -5.7703
-2.2081 10.4886 -8.2433
-2.2081 10.4886 -4.1217
-2.2081 7.1764 -7.4190
-2.2081 14.3528 -10.7163
-2.2081 14.3528 -6.5947
-2.2081 14.3528 -4.9460
-2.2081 14.3528 -9.8920
-2.2081 14.3528 -12.3650
-2.2081 14.3528 -7.4190
-2.2081 14.3528 -9.0677
-2.2081 14.3528 -11.5407
-2.2081 14.3528 -5.7703
-2.2081 14.3528 -8.2433
-2.2081 9.3845 -6.5947
-2.2081 9.3845 -4.9460
-2.2081 9.3845 -9.8920
-2.2081 9.3845 -7.4190
-2.2081 9.3845 -9.0677
-2.2081 9.3845 -5.7703
-2.2081 9.3845 -8.2433
-2.2081 9.3845 -4.1217
-2.2081 18.7691 -10.7163
-2.2081 18.7691 -6.5947
-2.2081 18.7691 -9.8920
-2.2081 18.7691 -7.4190
-2.2081 18.7691 -9.0677
-2.2081 18.7691 -11.5407
-2.2081 18.7691 -8.2433
-2.2081 13.2488 -10.7163
-2.2081 13.2488 -6.5947
-2.2081 13.2488 -4.9460
-2.2081 13.2488 -9.8920
-2.2081 13.2488 -7.4190
-2.2081 13.2488 -9.0677
-2.2081 13.2488 -11.5407
-2.2081 13.2488 -5.7703
-2.2081 13.2488 -8.2433
-2.2081 16.5609 -10.7163
-2.2081 16.5609 -6.5947
-2.2081 16.5609 -9.8920
-2.2081 16.5609 -12.3650
-2.2081 16.5609 -7.4190
-2.2081 16.5609 -9.0677
-2.2081 16.5609 -11.5407
-2.2081 16.5609 -5.7703
-2.2081 16.5609 -8.2433
-2.2081 8.2805 -6.5947
-2.2081 8.2805 -4.9460
-2.2081 8.2805 -7.4190
-2.2081 8.2805 -9.0677
-2.2081 8.2805 -5.7703
-2.2081 8.2805 -8.2433
-2.2081 20.4252 -10.7163
-2.2081 20.4252 -9.8920
-2.2081 20.4252 -9.0677
-2.2081 20.4252 -11.5407
-2.2081 12.1447 -10.7163
-2.2081 12.1447 -6.5947
-2.2081 12.1447 -4.9460
-2.2081 12.1447 -9.8920
-2.2081 12.1447 -7.4190
-2.2081 12.1447 -9.0677
-2.2081 12.1447 -11.5407
-2.2081 12.1447 -5.7703
-2.2081 12.1447 -8.2433
-2.2081 12.1447 -4.1217
-2.2081 18.2170 -10.7163
-2.2081 18.2170 -6.5947
-2.2081 18.2170 -9.8920
-2.2081 18.2170 -7.4190
-2.2081 18.2170 -9.0677
-2.2081 18.2170 -11.5407
-2.2081 18.2170 -5.7703
-2.2081 18.2170 -8.2433
-2.2081 11.0406 -10.7163
-2.2081 11.0406 -3.2973
-2.2081 11.0406 -6.5947
-2.2081 11.0406 -4.9460
-2.2081 11.0406 -9.8920
-2.2081 11.0406 -7.4190
-2.2081 11.0406 -9.0677
-2.2081 11.0406 -5.7703
-2.2081 11.0406 -8.2433
-2.2081 11.0406 -4.1217
-2.2081 14.9048 -10.7163
-2.2081 14.9048 -6.5947
-2.2081 14.9048 -9.8920
-2.2081 14.9048 -12.3650
-2.2081 14.9048 -7.4190
-2.2081 14.9048 -9.0677
-2.2081 14.9048 -11.5407
-2.2081 14.9048 -5.7703
-2.2081 14.9048 -8.2433
-2.2081 16.0089 -10.7163
-2.2081 16.0089 -6.5947
-2.2081 16.0089 -9.8920
-2.2081 16.0089 -12.3650
-2.2081 16.0089 -7.4190
-2.2081 16.0089 -9.0677
-2.2081 16.0089 -11.5407
-2.2081 16.0089 -5.7703
-2.2081 16.0089 -8.2433
-2.2081 19.8731 -10.7163
-2.2081 19.8731 -9.8920
-2.2081 19.8731 -9.0677
-2.2081 19.8731 -11.5407
-2.2081 19.8731 -8.2433
-2.2081 9.9366 -3.2973
-2.2081 9.9366 -6.5947
-2.2081 9.9366 -4.9460
-2.2081 9.9366 -9.8920
-2.2081 9.9366 -7.4190
-2.2081 9.9366 -9.0677
-2.2081 9.9366 -5.7703
-2.2081 9.9366 -8.2433
-2.2081 9.9366 -4.1217
3.8642 13.8008 -7.4190
3.8642 13.8008 -9.0677
3.8642 13.8008 -8.2433
3.8642 17.6650 -8.2433
3.8642 12.6967 -6.5947
3.8642 12.6967 -7.4190
3.8642 12.6967 -8.2433
3.8642 17.1130 -7.4190
3.8642 17.1130 -9.0677
3.8642 17.1130 -8.2433
3.8642 15.4569 -7.4190
3.8642 15.4569 -9.0677
3.8642 15.4569 -8.2433
3.8642 14.3528 -7.4190
3.8642 14.3528 -9.0677
3.8642 14.3528 -8.2433
3.8642 13.2488 -6.5947
3.8642 13.2488 -7.4190
3.8642 13.2488 -8.2433
3.8642 16.5609 -7.4190
3.8642 16.5609 -9.0677
3.8642 16.5609 -8.2433
3.8642 14.9048 -7.4190
3.8642 14.9048 -9.0677
3.8642 14.9048 -8.2433
3.8642 16.0089 -7.4190
3.8642 16.0089 -9.0677
3.8642 16.0089 -8.2433
-3.8642 13.8008 -10.7163
-3.8642 13.8008 -6.5947
-3.8642 13.8008 -4.9460
-3.8642 13.8008 -9.8920
-3.8642 13.8008 -12.3650
-3.8642 13.8008 -7.4190
-3.8642 13.8008 -9.0677
-3.8642 13.8008 -11.5407
-3.8642 13.8008 -5.7703
-3.8642 13.8008 -8.2433
-3.8642 13.8008 -4.1217
-3.8642 8.8325 -6.5947
-3.8642 8.8325 -4.9460
-3.8642 8.8325 -9.8920
-3.8642 8.8325 -7.4190
-3.8642 8.8325 -9.0677
-3.8642 8.8325 -5.7703
-3.8642 8.8325 -8.2433
-3.8642 8.8325 -4.1217
-3.8642 17.6650 -10.7163
-3.8642 17.6650 -6.5947
-3.8642 17.6650 -9.8920
-3.8642 17.6650 -12.3650
-3.8642 17.6650 -7.4190
-3.8642 17.6650 -9.0677
-3.8642 17.6650 -11.5407
-3.8642 17.6650 -5.7703
-3.8642 17.6650 -8.2433
-3.8642 12.6967 -10.7163
-3.8642 12.6967 -3.2973
-3.8642 12.6967 -6.5947
-3.8642 12.6967 -4.9460
-3.8642 12.6967 -9.8920
-3.8642 12.6967 -7.4190
-3.8642 12.6967 -9.0677
-3.8642 12.6967 -11.5407
-3.8642 12.6967 -5.7703
-3.8642 12.6967 -8.2433
-3.8642 12.6967 -4.1217
-3.8642 19.3211 -10.7163
-3.8642 19.3211 -9.8920
-3.8642 19.3211 -9.0677
-3.8642 19.3211 -11.5407
-3.8642 19.3211 -8.2433
-3.8642 11.5927 -10.7163
-3.8642 11.5927 -3.2973
-3.8642 11.5927 -6.5947
-3.8642 11.5927 -4.9460
-3.8642 11.5927 -9.8920
-3.8642 11.5927 -7.4190
-3.8642 11.5927 -9.0677
-3.8642 11.5927 -11.5407
-3.8642 11.5927 -5.7703
-3.8642 11.5927 -8.2433
-3.8642 11.5927 -4.1217
-3.8642 7.7284 -6.5947
-3.8642 7.7284 -4.9460
-3.8642 7.7284 -7.4190
-3.8642 7.7284 -5.7703
-3.8642 17.1130 -10.7163
-3.8642 17.1130 -6.5947
-3.8642 17.1130 -9.8920
-3.8642 17.1130 -12.3650
-3.8642 17.1130 -7.4190
-3.8642 17.1130 -9.0677
-3.8642 17.1130 -11.5407
-3.8642 17.1130 -5.7703
-3.8642 17.1130 -8.2433
-3.8642 15.4569 -10.7163
-3.8642 15.4569 -6.5947
-3.8642 15.4569 -4.9460
-3.8642 15.4569 -9.8920
-3.8642 15.4569 -12.3650
-3.8642 15.4569 -7.4190
-3.8642 15.4569 -9.0677
-3.8642 15.4569 -11.5407
-3.8642 15.4569 -5.7703
-3.8642 15.4569 -8.2433
-3.8642 10.4886 -10.7163
-3.8642 10.4886 -3.2973
-3.8642 10.4886 -6.5947
-3.8642 10.4886 -4.9460
-3.8642 10.4886 -9.8920
-3.8642 10.4886 -7.4190
-3.8642 10.4886 -9.0677
-3.8642 10.4886 -5.7703
-3.8642 10.4886 -8.2433
-3.8642 10.4886 -4.1217
-3.8642 7.1764 -7.4190
-3.8642 14.3528 -10.7163
-3.8642 14.3528 -6.5947
-3.8642 14.3528 -4.9460
-3.8642 14.3528 -9.8920
-3.8642 14.3528 -12.3650
-3.8642 14.3528 -7.4190
-3.8642 14.3528 -9.0677
-3.8642 14.3528 -11.5407
-3.8642 14.3528 -5.7703
-3.8642 14.3528 -8.2433
-3.8642 14.3528 -4.1217
-3.8642 9.3845 -6.5947
-3.8642 9.3845 -4.9460
-3.8642 9.3845 -9.8920
-3.8642 9.3845 -7.4190
-3.8642 9.3845 -9.0677
-3.8642 9.3845 -5.7703
-3.8642 9.3845 -8.2433
-3.8642 9.3845 -4.1217
-3.8642 18.7691 -10.7163
-3.8642 18.7691 -9.8920
-3.8642 18.7691 -7.4190
-3.8642 18.7691 -9.0677
-3.8642 18.7691 -11.5407
-3.8642 18.7691 -8.2433
-3.8642 13.2488 -10.7163
-3.8642 13.2488 -6.5947
-3.8642 13.2488 -4.9460
-3.8642 13.2488 -9.8920
-3.8642 13.2488 -12.3650
-3.8642 13.2488 -7.4190
-3.8642 13.2488 -9.0677
-3.8642 13.2488 -11.5407
-3.8642 13.2488 -5.7703
-3.8642 13.2488 -8.2433
-3.8642 13.2488 -4.1217
-3.8642 16.5609 -10.7163
-3.8642 16.5609 -6.5947
-3.8642 16.5609 -4.9460
-3.8642 16.5609 -9.8920
-3.8642 16.5609 -12.3650
-3.8642 16.5609 -7.4190
-3.8642 16.5609 -9.0677
-3.8642 16.5609 -11.5407
-3.8642 16.5609 -5.7703
-3.8642 16.5609 -8.2433
-3.8642 8.2805 -6.5947
-3.8642 8.2805 -4.9460
-3.8642 8.2805 -7.4190
-3.8642 8.2805 -5.7703
-3.8642 8.2805 -8.2433
-3.8642 12.1447 -10.7163
-3.8642 12.1447 -3.2973
-3.8642 12.1447 -6.5947
-3.8642 12.1447 -4.9460
-3.8642 12.1447 -9.8920
-3.8642 12.1447 -7.4190
-3.8642 12.1447 -9.0677
-3.8642 12.1447 -11.5407
-3.8642 12.1447 -5.7703
-3.8642 12.1447 -8.2433
-3.8642 12.1447 -4.1217
-3.8642 18.2170 -10.7163
-3.8642 18.2170 -6.5947
-3.8642 18.2170 -9.8920
-3.8642 18.2170 -12.3650
-3.8642 18.2170 -7.4190
-3.8642 18.2170 -9.0677
-3.8642 18.2170 -11.5407
-3.8642 18.2170 -8.2433
-3.8642 11.0406 -10.7163
-3.8642 11.0406 -3.2973
-3.8642 11.0406 -6.5947
-3.8642 11.0406 -2.4730
-3.8642 11.0406 -4.9460
-3.8642 11.0406 -9.8920
-3.8642 11.0406 -7.4190
-3.8642 11.0406 -9.0677
-3.8642 11.0406 -5.7703
-3.8642 11.0406 -8.2433
-3.8642 11.0406 -4.1217
-3.8642 14.9048 -10.7163
-3.8642 14.9048 -6.5947
-3.8642 14.9048 -4.9460
-3.8642 14.9048 -9.8920
-3.8642 14.9048 -12.3650
-3.8642 14.9048 -7.4190
-3.8642 14.9048 -9.0677
-3.8642 14.9048 -11.5407
-3.8642 14.9048 -5.7703
-3.8642 14.9048 -8.2433
-3.8642 14.9048 -4.1217
-3.8642 16.0089 -10.7163
-3.8642 16.0089 -6.5947
-3.8642 16.0089 -4.9460
-3.8642 16.0089 -9.8920
-3.8642 16.0089 -12.3650
-3.8642 16.0089 -7.4190
-3.8642 16.0089 -9.0677
-3.8642 16.0089 -11.5407
-3.8642 16.0089 -5.7703
-3.8642 16.0089 -8.2433
-3.8642 9.9366 -6.5947
-3.8642 9.9366 -4.9460
-3.8642 9.9366 -9.8920
-3.8642 9.9366 -7.4190
-3.8642 9.9366 -9.0677
-3.8642 9.9366 -5.7703
-3.8642 9.9366 -8.2433
-3.8642 9.9366 -4.1217
-7.7284 13.8008 -10.7163
-7.7284 13.8008 -6.5947
-7.7284 13.8008 -9.8920
-7.7284 13.8008 -7.4190
-7.7284 13.8008 -9.0677
-7.7284 13.8008 -5.7703
-7.7284 13.8008 -8.2433
-7.7284 12.6967 -6.5947
-7.7284 12.6967 -9.8920
-7.7284 12.6967 -7.4190
-7.7284 12.6967 -9.0677
-7.7284 12.6967 -8.2433
-7.7284 11.5927 -9.8920
-7.7284 11.5927 -7.4190
-7.7284 11.5927 -9.0677
-7.7284 11.5927 -8.2433
-7.7284 15.4569 -10.7163
-7.7284 15.4569 -6.5947
-7.7284 15.4569 -9.8920
-7.7284 15.4569 -7.4190
-7.7284 15.4569 -9.0677
-7.7284 15.4569 -8.2433
-7.7284 10.4886 -9.8920
-7.7284 10.4886 -7.4190
-7.7284 14.3528 -10.7163
-7.7284 14.3528 -6.5947
-7.7284 14.3528 -9.8920
-7.7284 14.3528 -7.4190
-7.7284 14.3528 -9.0677
-7.7284 14.3528 -5.7703
-7.7284 14.3528 -8.2433
-7.7284 13.2488 -10.7163
-7.7284 13.2488 -6.5947
-7.7284 13.2488 -9.8920
-7.7284 13.2488 -7.4190
-7.7284 13.2488 -9.0677
-7.7284 13.2488 -5.7703
-7.7284 13.2488 -8.2433
-7.7284 16.5609 -9.8920
-7.7284 12.1447 -6.5947
-7.7284 12.1447 -9.8920
-7.7284 12.1447 -7.4190
-7.7284 12.1447 -9.0677
-7.7284 12.1447 -8.2433
-7.7284 11.0406 -9.8920
-7.7284 11.0406 -7.4190
-7.7284 11.0406 -9.0677
-7.7284 11.0406 -8.2433
-7.7284 14.9048 -10.7163
-7.7284 14.9048 -6.5947
-7.7284 14.9048 -9.8920
-7.7284 14.9048 -7.4190
-7.7284 14.9048 -9.0677
-7.7284 14.9048 -8.2433
-7.7284 16.0089 -9.8920
-7.7284 16.0089 -9.0677
-7.7284 16.0089 -8.2433
-7.1764 13.8008 -10.7163
-7.1764 13.8008 -6.5947
-7.1764 13.8008 -4.9460
-7.1764 13.8008 -9.8920
-7.1764 13.8008 -7.4190
-7.1764 13.8008 -9.0677
-7.1764 13.8008 -11.5407
-7.1764 13.8008 -5.7703
-7.1764 13.8008 -8.2433
-7.1764 13.8008 -4.1217
-7.1764 12.6967 -10.7163
-7.1764 12.6967 -6.5947
-7.1764 12.6967 -9.8920
-7.1764 12.6967 -7.4190
-7.1764 12.6967 -9.0677
-7.1764 12.6967 -5.7703
-7.1764 12.6967 -8.2433
-7.1764 11.5927 -6.5947
-7.1764 11.5927 -9.8920
-7.1764 11.5927 -7.4190
-7.1764 11.5927 -9.0677
-7.1764 11.5927 -5.7703
-7.1764 11.5927 -8.2433
-7.1764 17.1130 -9.8920
-7.1764 15.4569 -10.7163
-7.1764 15.4569 -6.5947
-7.1764 15.4569 -9.8920
-7.1764 15.4569 -7.4190
-7.1764 15.4569 -9.0677
-7.1764 15.4569 -5.7703
-7.1764 15.4569 -8.2433
-7.1764 10.4886 -6.5947
-7.1764 10.4886 -9.8920
-7.1764 10.4886 -7.4190
-7.1764 10.4886 -9.0677
-7.1764 10.4886 -8.2433
-7.1764 14.3528 -10.7163
-7.1764 14.3528 -6.5947
-7.1764 14.3528 -4.9460
-7.1764 14.3528 -9.8920
-7.1764 14.3528 -7.4190
-7.1764 14.3528 -9.0677
-7.1764 14.3528 -11.5407
-7.1764 14.3528 -5.7703
-7.1764 14.3528 -8.2433
-7.1764 14.3528 -4.1217
-7.1764 13.2488 -10.7163
-7.1764 13.2488 -6.5947
-7.1764 13.2488 -4.9460
-7.1764 13.2488 -9.8920
-7.1764 13.2488 -7.4190
-7.1764 13.2488 -9.0677
-7.1764 13.2488 -5.7703
-7.1764 13.2488 -8.2433
-7.1764 16.5609 -10.7163
-7.1764 16.5609 -6.5947
-7.1764 16.5609 -9.8920
-7.1764 16.5609 -7.4190
-7.1764 16.5609 -9.0677
-7.1764 16.5609 -8.2433
-7.1764 12.1447 -10.7163
-7.1764 12.1447 -6.5947
-7.1764 12.1447 -9.8920
-7.1764 12.1447 -7.4190
-7.1764 12.1447 -9.0677
-7.1764 12.1447 -5.7703
-7.1764 12.1447 -8.2433
-7.1764 11.0406 -6.5947
-7.1764 11.0406 -9.8920
-7.1764 11.0406 -7.4190
-7.1764 11.0406 -9.0677
-7.1764 11.0406 -5.7703
-7.1764 11.0406 -8.2433
-7.1764 14.9048 -10.7163
-7.1764 14.9048 -6.5947
-7.1764 14.9048 -4.9460
-7.1764 14.9048 -9.8920
-7.1764 14.9048 -7.4190
-7.1764 14.9048 -9.0677
-7.1764 14.9048 -11.5407
-7.1764 14.9048 -5.7703
-7.1764 14.9048 -8.2433
-7.1764 16.0089 -10.7163
-7.1764 16.0089 -6.5947
-7.1764 16.0089 -9.8920
-7.1764 16.0089 -7.4190
-7.1764 16.0089 -9.0677
-7.1764 16.0089 -8.2433
-7.1764 9.9366 -9.8920
-7.1764 9.9366 -7.4190
-7.1764 9.9366 -9.0677
-7.1764 9.9366 -8.2433
1.6561 13.8008 -6.5947
1.6561 13.8008 -9.8920
1.6561 13.8008 -7.4190
1.6561 13.8008 -9.0677
1.6561 13.8008 -8.2433
1.6561 17.6650 -10.7163
1.6561 17.6650 -9.8920
1.6561 17.6650 -7.4190
1.6561 17.6650 -9.0677
1.6561 17.6650 -8.2433
1.6561 12.6967 -6.5947
1.6561 12.6967 -9.8920
1.6561 12.6967 -7.4190
1.6561 12.6967 -9.0677
1.6561 12.6967 -8.2433
1.6561 19.3211 -10.7163
1.6561 19.3211 -9.8920
1.6561 19.3211 -7.4190
1.6561 19.3211 -9.0677
1.6561 19.3211 -8.2433
1.6561 11.5927 -6.5947
1.6561 11.5927 -9.8920
1.6561 11.5927 -7.4190
1.6561 11.5927 -9.0677
1.6561 11.5927 -5.7703
1.6561 11.5927 -8.2433
1.6561 17.1130 -10.7163
1.6561 17.1130 -9.8920
1.6561 17.1130 -7.4190
1.6561 17.1130 -9.0677
1.6561 17.1130 -8.2433
1.6561 15.4569 -10.7163
1.6561 15.4569 -6.5947
1.6561 15.4569 -9.8920
1.6561 15.4569 -7.4190
1.6561 15.4569 -9.0677
1.6561 15.4569 -8.2433
1.6561 10.4886 -6.5947
1.6561 10.4886 -7.4190
1.6561 10.4886 -5.7703
1.6561 10.4886 -8.2433
1.6561 14.3528 -6.5947
1.6561 14.3528 -9.8920
1.6561 14.3528 -7.4190
1.6561 14.3528 -9.0677
1.6561 14.3528 -8.2433
1.6561 18.7691 -10.7163
1.6561 18.7691 -9.8920
1.6561 18.7691 -7.4190
1.6561 18.7691 -9.0677
1.6561 18.7691 -8.2433
1.6561 13.2488 -6.5947
1.6561 13.2488 -9.8920
1.6561 13.2488 -7.4190
1.6561 13.2488 -9.0677
1.6561 13.2488 -8.2433
1.6561 16.5609 -10.7163
1.6561 16.5609 -6.5947
1.6561 16.5609 -9.8920
1.6561 16.5609 -7.4190
1.6561 16.5609 -9.0677
1.6561 16.5609 -8.2433
1.6561 20.4252 -8.2433
1.6561 12.1447 -6.5947
1.6561 12.1447 -9.8920
1.6561 12.1447 -7.4190
1.6561 12.1447 -9.0677
1.6561 12.1447 -5.7703
1.6561 12.1447 -8.2433
1.6561 18.2170 -10.7163
1.6561 18.2170 -9.8920
1.6561 18.2170 -7.4190
1.6561 18.2170 -9.0677
1.6561 18.2170 -8.2433
1.6561 11.0406 -6.5947
1.6561 11.0406 -7.4190
1.6561 11.0406 -9.0677
1.6561 11.0406 -5.7703
1.6561 11.0406 -8.2433
1.6561 14.9048 -6.5947
1.6561 14.9048 -9.8920
1.6561 14.9048 -7.4190
1.6561 14.9048 -9.0677
1.6561 14.9048 -8.2433
1.6561 16.0089 -10.7163
1.6561 16.0089 -6.5947
1.6561 16.0089 -9.8920
1.6561 16.0089 -7.4190
1.6561 16.0089 -9.0677
1.6561 16.0089 -8.2433
1.6561 19.8731 -9.8920
1.6561 19.8731 -9.0677
1.6561 19.8731 -8.2433
1.6561 9.9366 -7.4190
-1.6561 13.8008 -10.7163
-1.6561 13.8008 -6.5947
-1.6561 13.8008 -4.9460
-1.6561 13.8008 -9.8920
-1.6561 13.8008 -7.4190
-1.6561 13.8008 -9.0677
-1.6561 13.8008 -11.5407
-1.6561 13.8008 -5.7703
-1.6561 13.8008 -8.2433
-1.6561 8.8325 -6.5947
-1.6561 8.8325 -4.9460
-1.6561 8.8325 -9.8920
-1.6561 8.8325 -7.4190
-1.6561 8.8325 -9.0677
-1.6561 8.8325 -5.7703
-1.6561 8.8325 -8.2433
-1.6561 17.6650 -10.7163
-1.6561 17.6650 -6.5947
-1.6561 17.6650 -9.8920
-1.6561 17.6650 -7.4190
-1.6561 17.6650 -9.0677
-1.6561 17.6650 -11.5407
-1.6561 17.6650 -5.7703
-1.6561 17.6650 -8.2433
-1.6561 12.6967 -10.7163
-1.6561 12.6967 -6.5947
-1.6561 12.6967 -4.9460
-1.6561 12.6967 -9.8920
-1.6561 12.6967 -7.4190
-1.6561 12.6967 -9.0677
-1.6561 12.6967 -11.5407
-1.6561 12.6967 -5.7703
-1.6561 12.6967 -8.2433
-1.6561 19.3211 -10.7163
-1.6561 19.3211 -6.5947
-1.6561 19.3211 -9.8920
-1.6561 19.3211 -7.4190
-1.6561 19.3211 -9.0677
-1.6561 19.3211 -11.5407
-1.6561 19.3211 -8.2433
-1.6561 11.5927 -10.7163
-1.6561 11.5927 -6.5947
-1.6561 11.5927 -4.9460
-1.6561 11.5927 -9.8920
-1.6561 11.5927 -7.4190
-1.6561 11.5927 -9.0677
-1.6561 11.5927 -5.7703
-1.6561 11.5927 -8.2433
-1.6561 11.5927 -4.1217
-1.6561 7.7284 -6.5947
-1.6561 7.7284 -4.9460
-1.6561 7.7284 -7.4190
-1.6561 7.7284 -5.7703
-1.6561 7.7284 -8.2433
-1.6561 17.1130 -10.7163
-1.6561 17.1130 -6.5947
-1.6561 17.1130 -9.8920
-1.6561 17.1130 -7.4190
-1.6561 17.1130 -9.0677
-1.6561 17.1130 -11.5407
-1.6561 17.1130 -5.7703
-1.6561 17.1130 -8.2433
-1.6561 15.4569 -10.7163
-1.6561 15.4569 -6.5947
-1.6561 15.4569 -9.8920
-1.6561 15.4569 -12.3650
-1.6561 15.4569 -7.4190
-1.6561 15.4569 -9.0677
-1.6561 15.4569 -11.5407
-1.6561 15.4569 -5.7703
-1.6561 15.4569 -8.2433
-1.6561 10.4886 -10.7163
-1.6561 10.4886 -3.2973
-1.6561 10.4886 -6.5947
-1.6561 10.4886 -4.9460
-1.6561 10.4886 -9.8920
-1.6561 10.4886 -7.4190
-1.6561 10.4886 -9.0677
-1.6561 10.4886 -5.7703
-1.6561 10.4886 -8.2433
-1.6561 10.4886 -4.1217
-1.6561 20.9772 -10.7163
-1.6561 14.3528 -10.7163
-1.6561 14.3528 -6.5947
-1.6561 14.3528 -9.8920
-1.6561 14.3528 -7.4190
-1.6561 14.3528 -9.0677
-1.6561 14.3528 -11.5407
-1.6561 14.3528 -5.7703
-1.6561 14.3528 -8.2433
-1.6561 9.3845 -6.5947
-1.6561 9.3845 -4.9460
-1.6561 9.3845 -9.8920
-1.6561 9.3845 -7.4190
-1.6561 9.3845 -9.0677
-1.6561 9.3845 -5.7703
-1.6561 9.3845 -8.2433
-1.6561 9.3845 -4.1217
-1.6561 18.7691 -10.7163
-1.6561 18.7691 -6.5947
-1.6561 18.7691 -9.8920
-1.6561 18.7691 -7.4190
-1.6561 18.7691 -9.0677
-1.6561 18.7691 -11.5407
-1.6561 18.7691 -8.2433
-1.6561 13.2488 -10.7163
-1.6561 13.2488 -6.5947
-1.6561 13.2488 -4.9460
-1.6561 13.2488 -9.8920
-1.6561 13.2488 -7.4190
-1.6561 13.2488 -9.0677
-1.6561 13.2488 -11.5407
-1.6561 13.2488 -5.7703
-1.6561 13.2488 -8.2433
-1.6561 16.5609 -10.7163
-1.6561 16.5609 -6.5947
-1.6561 16.5609 -9.8920
-1.6561 16.5609 -7.4190
-1.6561 16.5609 -9.0677
-1.6561 16.5609 -11.5407
-1.6561 16.5609 -5.7703
-1.6561 16.5609 -8.2433
-1.6561 8.2805 -6.5947
-1.6561 8.2805 -4.9460
-1.6561 8.2805 -7.4190
-1.6561 8.2805 -9.0677
-1.6561 8.2805 -5.7703
-1.6561 8.2805 -8.2433
-1.6561 20.4252 -10.7163
-1.6561 20.4252 -9.8920
-1.6561 20.4252 -9.0677
-1.6561 20.4252 -8.2433
-1.6561 12.1447 -10.7163
-1.6561 12.1447 -6.5947
-1.6561 12.1447 -4.9460
-1.6561 12.1447 -9.8920
-1.6561 12.1447 -7.4190
-1.6561 12.1447 -9.0677
-1.6561 12.1447 -11.5407
-1.6561 12.1447 -5.7703
-1.6561 12.1447 -8.2433
-1.6561 12.1447 -4.1217
-1.6561 18.2170 -10.7163
-1.6561 18.2170 -6.5947
-1.6561 18.2170 -9.8920
-1.6561 18.2170 -7.4190
-1.6561 18.2170 -9.0677
-1.6561 18.2170 -11.5407
-1.6561 18.2170 -5.7703
-1.6561 18.2170 -8.2433
-1.6561 11.0406 -10.7163
-1.6561 11.0406 -6.5947
-1.6561 11.0406 -4.9460
-1.6561 11.0406 -9.8920
-1.6561 11.0406 -7.4190
-1.6561 11.0406 -9.0677
-1.6561 11.0406 -5.7703
-1.6561 11.0406 -8.2433
-1.6561 11.0406 -4.1217
-1.6561 14.9048 -10.7163
-1.6561 14.9048 -6.5947
-1.6561 14.9048 -9.8920
-1.6561 14.9048 -12.3650
-1.6561 14.9048 -7.4190
-1.6561 14.9048 -9.0677
-1.6561 14.9048 -11.5407
-1.6561 14.9048 -5.7703
-1.6561 14.9048 -8.2433
-1.6561 16.0089 -10.7163
-1.6561 16.0089 -6.5947
-1.6561 16.0089 -9.8920
-1.6561 16.0089 -12.3650
-1.6561 16.0089 -7.4190
-1.6561 16.0089 -9.0677
-1.6561 16.0089 -11.5407
-1.6561 16.0089 -5.7703
-1.6561 16.0089 -8.2433
-1.6561 19.8731 -10.7163
-1.6561 19.8731 -9.8920
-1.6561 19.8731 -9.0677
-1.6561 19.8731 -11.5407
-1.6561 19.8731 -8.2433
-1.6561 9.9366 -3.2973
-1.6561 9.9366 -6.5947
-1.6561 9.9366 -4.9460
-1.6561 9.9366 -9.8920
-1.6561 9.9366 -7.4190
-1.6561 9.9366 -9.0677
-1.6561 9.9366 -5.7703
-1.6561 9.9366 -8.2433
-1.6561 9.9366 -4.1217
3.3122 13.8008 -6.5947
3.3122 13.8008 -7.4190
3.3122 13.8008 -9.0677
3.3122 13.8008 -8.2433
3.3122 17.6650 -9.8920
3.3122 17.6650 -7.4190
3.3122 17.6650 -9.0677
3.3122 17.6650 -8.2433
3.3122 12.6967 -6.5947
3.3122 12.6967 -7.4190
3.3122 12.6967 -8.2433
3.3122 11.5927 -6.5947
3.3122 11.5927 -7.4190
3.3122 17.1130 -9.8920
3.3122 17.1130 -7.4190
3.3122 17.1130 -9.0677
3.3122 17.1130 -8.2433
3.3122 15.4569 -6.5947
3.3122 15.4569 -9.8920
3.3122 15.4569 -7.4190
3.3122 15.4569 -9.0677
3.3122 15.4569 -8.2433
3.3122 14.3528 -6.5947
3.3122 14.3528 -9.8920
3.3122 14.3528 -7.4190
3.3122 14.3528 -9.0677
3.3122 14.3528 -8.2433
3.3122 18.7691 -9.8920
3.3122 18.7691 -9.0677
3.3122 18.7691 -8.2433
3.3122 13.2488 -6.5947
3.3122 13.2488 -7.4190
3.3122 13.2488 -9.0677
3.3122 13.2488 -8.2433
3.3122 16.5609 -9.8920
3.3122 16.5609 -7.4190
3.3122 16.5609 -9.0677
3.3122 16.5609 -8.2433
3.3122 12.1447 -6.5947
3.3122 12.1447 -7.4190
3.3122 12.1447 -8.2433
3.3122 18.2170 -9.8920
3.3122 18.2170 -9.0677
3.3122 18.2170 -8.2433
3.3122 14.9048 -6.5947
3.3122 14.9048 -9.8920
3.3122 14.9048 -7.4190
3.3122 14.9048 -9.0677
3.3122 14.9048 -8.2433
3.3122 16.0089 -9.8920
3.3122 16.0089 -7.4190
3.3122 16.0089 -9.0677
3.3122 16.0089 -8.2433
-3.3122 13.8008 -10.7163
-3.3122 13.8008 -6.5947
-3.3122 13.8008 -4.9460
-3.3122 13.8008 -9.8920
-3.3122 13.8008 -12.3650
-3.3122 13.8008 -7.4190
-3.3122 13.8008 -9.0677
-3.3122 13.8008 -11.5407
-3.3122 13.8008 -5.7703
-3.3122 13.8008 -8.2433
-3.3122 13.8008 -4.1217
-3.3122 8.8325 -6.5947
-3.3122 8.8325 -4.9460
-3.3122 8.8325 -9.8920
-3.3122 8.8325 -7.4190
-3.3122 8.8325 -9.0677
-3.3122 8.8325 -5.7703
-3.3122 8.8325 -8.2433
-3.3122 8.8325 -4.1217
-3.3122 17.6650 -10.7163
-3.3122 17.6650 -6.5947
-3.3122 17.6650 -9.8920
-3.3122 17.6650 -12.3650
-3.3122 17.6650 -7.4190
-3.3122 17.6650 -9.0677
-3.3122 17.6650 -11.5407
-3.3122 17.6650 -5.7703
-3.3122 17.6650 -8.2433
-3.3122 12.6967 -10.7163
-3.3122 12.6967 -3.2973
-3.3122 12.6967 -6.5947
-3.3122 12.6967 -4.9460
-3.3122 12.6967 -9.8920
-3.3122 12.6967 -7.4190
-3.3122 12.6967 -9.0677
-3.3122 12.6967 -11.5407
-3.3122 12.6967 -5.7703
-3.3122 12.6967 -8.2433
-3.3122 12.6967 -4.1217
-3.3122 19.3211 -10.7163
-3.3122 19.3211 -9.8920
-3.3122 19.3211 -9.0677
-3.3122 19.3211 -11.5407
-3.3122 19.3211 -8.2433
-3.3122 11.5927 -10.7163
-3.3122 11.5927 -3.2973
-3.3122 11.5927 -6.5947
-3.3122 11.5927 -4.9460
-3.3122 11.5927 -9.8920
-3.3122 11.5927 -7.4190
-3.3122 11.5927 -9.0677
-3.3122 11.5927 -11.5407
-3.3122 11.5927 -5.7703
-3.3122 11.5927 -8.2433
-3.3122 11.5927 -4.1217
-3.3122 7.7284 -6.5947
-3.3122 7.7284 -4.9460
-3.3122 7.7284 -7.4190
-3.3122 7.7284 -5.7703
-3.3122 7.7284 -8.2433
-3.3122 17.1130 -10.7163
-3.3122 17.1130 -6.5947
-3.3122 17.1130 -9.8920
-3.3122 17.1130 -12.3650
-3.3122 17.1130 -7.4190
-3.3122 17.1130 -9.0677
-3.3122 17.1130 -11.5407
-3.3122 17.1130 -5.7703
-3.3122 17.1130 -8.2433
-3.3122 15.4569 -10.7163
-3.3122 15.4569 -6.5947
-3.3122 15.4569 -4.9460
-3.3122 15.4569 -9.8920
-3.3122 15.4569 -12.3650
-3.3122 15.4569 -7.4190
-3.3122 15.4569 -9.0677
-3.3122 15.4569 -11.5407
-3.3122 15.4569 -5.7703
-3.3122 15.4569 -8.2433
-3.3122 10.4886 -10.7163
-3.3122 10.4886 -3.2973
-3.3122 10.4886 -6.5947
-3.3122 10.4886 -4.9460
-3.3122 10.4886 -9.8920
-3.3122 10.4886 -7.4190
-3.3122 10.4886 -9.0677
-3.3122 10.4886 -5.7703
-3.3122 10.4886 -8.2433
-3.3122 10.4886 -4.1217
-3.3122 7.1764 -7.4190
-3.3122 14.3528 -10.7163
-3.3122 14.3528 -6.5947
-3.3122 14.3528 -4.9460
-3.3122 14.3528 -9.8920
-3.3122 14.3528 -12.3650
-3.3122 14.3528 -7.4190
-3.3122 14.3528 -9.0677
-3.3122 14.3528 -11.5407
-3.3122 14.3528 -5.7703
-3.3122 14.3528 -8.2433
-3.3122 14.3528 -4.1217
-3.3122 9.3845 -6.5947
-3.3122 9.3845 -4.9460
-3.3122 9.3845 -9.8920
-3.3122 9.3845 -7.4190
-3.3122 9.3845 -9.0677
-3.3122 9.3845 -5.7703
-3.3122 9.3845 -8.2433
-3.3122 9.3845 -4.1217
-3.3122 18.7691 -10.7163
-3.3122 18.7691 -6.5947
-3.3122 18.7691 -9.8920
-3.3122 18.7691 -7.4190
-3.3122 18.7691 -9.0677
-3.3122 18.7691 -11.5407
-3.3122 18.7691 -8.2433
-3.3122 13.2488 -10.7163
-3.3122 13.2488 -6.5947
-3.3122 13.2488 -4.9460
-3.3122 13.2488 -9.8920
-3.3122 13.2488 -7.4190
-3.3122 13.2488 -9.0677
-3.3122 13.2488 -11.5407
-3.3122 13.2488 -5.7703
-3.3122 13.2488 -8.2433
-3.3122 13.2488 -4.1217
-3.3122 16.5609 -10.7163
-3.3122 16.5609 -6.5947
-3.3122 16.5609 -9.8920
-3.3122 16.5609 -12.3650
-3.3122 16.5609 -7.4190
-3.3122 16.5609 -9.0677
-3.3122 16.5609 -11.5407
-3.3122 16.5609 -5.7703
-3.3122 16.5609 -8.2433
-3.3122 8.2805 -6.5947
-3.3122 8.2805 -4.9460
-3.3122 8.2805 -7.4190
-3.3122 8.2805 -9.0677
-3.3122 8.2805 -5.7703
-3.3122 8.2805 -8.2433
-3.3122 12.1447 -10.7163
-3.3122 12.1447 -3.2973
-3.3122 12.1447 -6.5947
-3.3122 12.1447 -4.9460
-3.3122 12.1447 -9.8920
-3.3122 12.1447 -7.4190
-3.3122 12.1447 -9.0677
-3.3122 12.1447 -11.5407
-3.3122 12.1447 -5.7703
-3.3122 12.1447 -8.2433
-3.3122 12.1447 -4.1217
-3.3122 18.2170 -10.7163
-3.3122 18.2170 -6.5947
-3.3122 18.2170 -9.8920
-3.3122 18.2170 -12.3650
-3.3122 18.2170 -7.4190
-3.3122 18.2170 -9.0677
-3.3122 18.2170 -11.5407
-3.3122 18.2170 -8.2433
-3.3122 11.0406 -10.7163
-3.3122 11.0406 -3.2973
-3.3122 11.0406 -6.5947
-3.3122 11.0406 -4.9460
-3.3122 11.0406 -9.8920
-3.3122 11.0406 -7.4190
-3.3122 11.0406 -9.0677
-3.3122 11.0406 -5.7703
-3.3122 11.0406 -8.2433
-3.3122 11.0406 -4.1217
-3.3122 14.9048 -10.7163
-3.3122 14.9048 -6.5947
-3.3122 14.9048 -4.9460
-3.3122 14.9048 -9.8920
-3.3122 14.9048 -12.3650
-3.3122 14.9048 -7.4190
-3.3122 14.9048 -9.0677
-3.3122 14.9048 -11.5407
-3.3122 14.9048 -5.7703
-3.3122 14.9048 -8.2433
-3.3122 14.9048 -4.1217
-3.3122 16.0089 -10.7163
-3.3122 16.0089 -6.5947
-3.3122 16.0089 -4.9460
-3.3122 16.0089 -9.8920
-3.3122 16.0089 -12.3650
-3.3122 16.0089 -7.4190
-3.3122 16.0089 -9.0677
-3.3122 16.0089 -11.5407
-3.3122 16.0089 -5.7703
-3.3122 16.0089 -8.2433
-3.3122 19.8731 -10.7163
-3.3122 19.8731 -9.8920
-3.3122 19.8731 -9.0677
-3.3122 19.8731 -11.5407
-3.3122 9.9366 -6.5947
-3.3122 9.9366 -4.9460
-3.3122 9.9366 -9.8920
-3.3122 9.9366 -7.4190
-3.3122 9.9366 -9.0677
-3.3122 9.9366 -5.7703
-3.3122 9.9366 -8.2433
-3.3122 9.9366 -4.1217
-6.6244 13.8008 -10.7163
-6.6244 13.8008 -6.5947
-6.6244 13.8008 -4.9460
-6.6244 13.8008 -9.8920
-6.6244 13.8008 -7.4190
-6.6244 13.8008 -9.0677
-6.6244 13.8008 -11.5407
-6.6244 13.8008 -5.7703
-6.6244 13.8008 -8.2433
-6.6244 13.8008 -4.1217
-6.6244 12.6967 -10.7163
-6.6244 12.6967 -6.5947
-6.6244 12.6967 -4.9460
-6.6244 12.6967 -9.8920
-6.6244 12.6967 -7.4190
-6.6244 12.6967 -9.0677
-6.6244 12.6967 -5.7703
-6.6244 12.6967 -8.2433
-6.6244 12.6967 -4.1217
-6.6244 11.5927 -10.7163
-6.6244 11.5927 -6.5947
-6.6244 11.5927 -4.9460
-6.6244 11.5927 -9.8920
-6.6244 11.5927 -7.4190
-6.6244 11.5927 -9.0677
-6.6244 11.5927 -5.7703
-6.6244 11.5927 -8.2433
-6.6244 17.1130 -10.7163
-6.6244 17.1130 -9.8920
-6.6244 17.1130 -9.0677
-6.6244 15.4569 -10.7163
-6.6244 15.4569 -6.5947
-6.6244 15.4569 -4.9460
-6.6244 15.4569 -9.8920
-6.6244 15.4569 -7.4190
-6.6244 15.4569 -9.0677
-6.6244 15.4569 -11.5407
-6.6244 15.4569 -5.7703
-6.6244 15.4569 -8.2433
-6.6244 15.4569 -4.1217
-6.6244 10.4886 -6.5947
-6.6244 10.4886 -9.8920
-6.6244 10.4886 -7.4190
-6.6244 10.4886 -9.0677
-6.6244 10.4886 -5.7703
-6.6244 10.4886 -8.2433
-6.6244 14.3528 -10.7163
-6.6244 14.3528 -6.5947
-6.6244 14.3528 -4.9460
-6.6244 14.3528 -9.8920
-6.6244 14.3528 -7.4190
-6.6244 14.3528 -9.0677
-6.6244 14.3528 -11.5407
-6.6244 14.3528 -5.7703
-6.6244 14.3528 -8.2433
-6.6244 14.3528 -4.1217
-6.6244 9.3845 -7.4190
-6.6244 13.2488 -10.7163
-6.6244 13.2488 -6.5947
-6.6244 13.2488 -4.9460
-6.6244 13.2488 -9.8920
-6.6244 13.2488 -7.4190
-6.6244 13.2488 -9.0677
-6.6244 13.2488 -11.5407
-6.6244 13.2488 -5.7703
-6.6244 13.2488 -8.2433
-6.6244 13.2488 -4.1217
-6.6244 16.5609 -10.7163
-6.6244 16.5609 -6.5947
-6.6244 16.5609 -9.8920
-6.6244 16.5609 -7.4190
-6.6244 16.5609 -9.0677
-6.6244 16.5609 -8.2433
-6.6244 12.1447 -10.7163
-6.6244 12.1447 -6.5947
-6.6244 12.1447 -4.9460
-6.6244 12.1447 -9.8920
-6.6244 12.1447 -7.4190
-6.6244 12.1447 -9.0677
-6.6244 12.1447 -5.7703
-6.6244 12.1447 -8.2433
-6.6244 12.1447 -4.1217
-6.6244 11.0406 -6.5947
-6.6244 11.0406 -4.9460
-6.6244 11.0406 -9.8920
-6.6244 11.0406 -7.4190
-6.6244 11.0406 -9.0677
-6.6244 11.0406 -5.7703
-6.6244 11.0406 -8.2433
-6.6244 14.9048 -10.7163
-6.6244 14.9048 -6.5947
-6.6244 14.9048 -4.9460
-6.6244 14.9048 -9.8920
-6.6244 14.9048 -7.4190
-6.6244 14.9048 -9.0677
-6.6244 14.9048 -11.5407
-6.6244 14.9048 -5.7703
-6.6244 14.9048 -8.2433
-6.6244 14.9048 -4.1217
-6.6244 16.0089 -10.7163
-6.6244 16.0089 -6.5947
-6.6244 16.0089 -9.8920
-6.6244 16.0089 -7.4190
-6.6244 16.0089 -9.0677
-6.6244 16.0089 -11.5407
-6.6244 16.0089 -8.2433
-6.6244 9.9366 -6.5947
-6.6244 9.9366 -9.8920
-6.6244 9.9366 -7.4190
-6.6244 9.9366 -9.0677
-6.6244 9.9366 -5.7703
-6.6244 9.9366 -8.2433
-8.2805 13.8008 -6.5947
-8.2805 13.8008 -9.8920
-8.2805 13.8008 -7.4190
-8.2805 13.8008 -9.0677
-8.2805 13.8008 -8.2433
-8.2805 12.6967 -9.8920
-8.2805 12.6967 -7.4190
-8.2805 12.6967 -9.0677
-8.2805 12.6967 -8.2433
-8.2805 11.5927 -7.4190
-8.2805 11.5927 -9.0677
-8.2805 11.5927 -8.2433
-8.2805 15.4569 -6.5947
-8.2805 15.4569 -9.8920
-8.2805 15.4569 -7.4190
-8.2805 15.4569 -9.0677
-8.2805 15.4569 -8.2433
-8.2805 14.3528 -10.7163
-8.2805 14.3528 -6.5947
-8.2805 14.3528 -9.8920
-8.2805 14.3528 -7.4190
-8.2805 14.3528 -9.0677
-8.2805 14.3528 -8.2433
-8.2805 13.2488 -9.8920
-8.2805 13.2488 -7.4190
-8.2805 13.2488 -9.0677
-8.2805 13.2488 -8.2433
-8.2805 12.1447 -9.8920
-8.2805 12.1447 -7.4190
-8.2805 12.1447 -9.0677
-8.2805 12.1447 -8.2433
-8.2805 14.9048 -10.7163
-8.2805 14.9048 -6.5947
-8.2805 14.9048 -9.8920
-8.2805 14.9048 -7.4190
-8.2805 14.9048 -9.0677
-8.2805 14.9048 -8.2433
-8.2805 16.0089 -9.8920
-6.0723 13.8008 -10.7163
-6.0723 13.8008 -3.2973
-6.0723 13.8008 -6.5947
-6.0723 13.8008 -4.9460
-6.0723 13.8008 -9.8920
-6.0723 13.8008 -7.4190
-6.0723 13.8008 -9.0677
-6.0723 13.8008 -11.5407
-6.0723 13.8008 -5.7703
-6.0723 13.8008 -8.2433
-6.0723 13.8008 -4.1217
-6.0723 8.8325 -6.5947
-6.0723 8.8325 -7.4190
-6.0723 8.8325 -5.7703
-6.0723 17.6650 -10.7163
-6.0723 17.6650 -9.8920
-6.0723 17.6650 -9.0677
-6.0723 17.6650 -8.2433
-6.0723 12.6967 -10.7163
-6.0723 12.6967 -3.2973
-6.0723 12.6967 -6.5947
-6.0723 12.6967 -4.9460
-6.0723 12.6967 -9.8920
-6.0723 12.6967 -7.4190
-6.0723 12.6967 -9.0677
-6.0723 12.6967 -11.5407
-6.0723 12.6967 -5.7703
-6.0723 12.6967 -8.2433
-6.0723 12.6967 -4.1217
-6.0723 11.5927 -10.7163
-6.0723 11.5927 -6.5947
-6.0723 11.5927 -4.9460
-6.0723 11.5927 -9.8920
-6.0723 11.5927 -7.4190
-6.0723 11.5927 -9.0677
-6.0723 11.5927 -5.7703
-6.0723 11.5927 -8.2433
-6.0723 11.5927 -4.1217
-6.0723 17.1130 -10.7163
-6.0723 17.1130 -6.5947
-6.0723 17.1130 -9.8920
-6.0723 17.1130 -7.4190
-6.0723 17.1130 -9.0677
-6.0723 17.1130 -11.5407
-6.0723 17.1130 -8.2433
-6.0723 15.4569 -10.7163
-6.0723 15.4569 -6.5947
-6.0723 15.4569 -4.9460
-6.0723 15.4569 -9.8920
-6.0723 15.4569 -7.4190
-6.0723 15.4569 -9.0677
-6.0723 15.4569 -11.5407
-6.0723 15.4569 -5.7703
-6.0723 15.4569 -8.2433
-6.0723 15.4569 -4.1217
-6.0723 10.4886 -6.5947
-6.0723 10.4886 -4.9460
-6.0723 10.4886 -9.8920
-6.0723 10.4886 -7.4190
-6.0723 10.4886 -9.0677
-6.0723 10.4886 -5.7703
-6.0723 10.4886 -8.2433
-6.0723 14.3528 -10.7163
-6.0723 14.3528 -6.5947
-6.0723 14.3528 -4.9460
-6.0723 14.3528 -9.8920
-6.0723 14.3528 -7.4190
-6.0723 14.3528 -9.0677
-6.0723 14.3528 -11.5407
-6.0723 14.3528 -5.7703
-6.0723 14.3528 -8.2433
-6.0723 14.3528 -4.1217
-6.0723 9.3845 -6.5947
-6.0723 9.3845 -4.9460
-6.0723 9.3845 -7.4190
-6.0723 9.3845 -5.7703
-6.0723 9.3845 -8.2433
-6.0723 13.2488 -10.7163
-6.0723 13.2488 -3.2973
-6.0723 13.2488 -6.5947
-6.0723 13.2488 -4.9460
-6.0723 13.2488 -9.8920
-6.0723 13.2488 -7.4190
-6.0723 13.2488 -9.0677
-6.0723 13.2488 -11.5407
-6.0723 13.2488 -5.7703
-6.0723 13.2488 -8.2433
-6.0723 13.2488 -4.1217
-6.0723 16.5609 -10.7163
-6.0723 16.5609 -6.5947
-6.0723 16.5609 -9.8920
-6.0723 16.5609 -7.4190
-6.0723 16.5609 -9.0677
-6.0723 16.5609 -11.5407
-6.0723 16.5609 -8.2433
-6.0723 12.1447 -10.7163
-6.0723 12.1447 -3.2973
-6.0723 12.1447 -6.5947
-6.0723 12.1447 -2.4730
-6.0723 12.1447 -4.9460
-6.0723 12.1447 -9.8920
-6.0723 12.1447 -7.4190
-6.0723 12.1447 -9.0677
-6.0723 12.1447 -5.7703
-6.0723 12.1447 -8.2433
-6.0723 12.1447 -4.1217
-6.0723 11.0406 -10.7163
-6.0723 11.0406 -6.5947
-6.0723 11.0406 -4.9460
-6.0723 11.0406 -9.8920
-6.0723 11.0406 -7.4190
-6.0723 11.0406 -9.0677
-6.0723 11.0406 -5.7703
-6.0723 11.0406 -8.2433
-6.0723 11.0406 -4.1217
-6.0723 14.9048 -10.7163
-6.0723 14.9048 -6.5947
-6.0723 14.9048 -4.9460
-6.0723 14.9048 -9.8920
-6.0723 14.9048 -7.4190
-6.0723 14.9048 -9.0677
-6.0723 14.9048 -11.5407
-6.0723 14.9048 -5.7703
-6.0723 14.9048 -8.2433
-6.0723 14.9048 -4.1217
-6.0723 16.0089 -10.7163
-6.0723 16.0089 -6.5947
-6.0723 16.0089 -4.9460
-6.0723 16.0089 -9.8920
-6.0723 16.0089 -7.4190
-6.0723 16.0089 -9.0677
-6.0723 16.0089 -11.5407
-6.0723 16.0089 -5.7703
-6.0723 16.0089 -8.2433
-6.0723 9.9366 -6.5947
-6.0723 9.9366 -4.9460
-6.0723 9.9366 -9.8920
-6.0723 9.9366 -7.4190
-6.0723 9.9366 -9.0677
-6.0723 9.9366 -5.7703
-6.0723 9.9366 -8.2433
-5.5203 13.8008 -10.7163
-5.5203 13.8008 -3.2973
-5.5203 13.8008 -6.5947
-5.5203 13.8008 -4.9460
-5.5203 13.8008 -9.8920
-5.5203 13.8008 -7.4190
-5.5203 13.8008 -9.0677
-5.5203 13.8008 -11.5407
-5.5203 13.8008 -5.7703
-5.5203 13.8008 -8.2433
-5.5203 13.8008 -4.1217
-5.5203 8.8325 -6.5947
-5.5203 8.8325 -4.9460
-5.5203 8.8325 -7.4190
-5.5203 8.8325 -5.7703
-5.5203 8.8325 -8.2433
-5.5203 17.6650 -10.7163
-5.5203 17.6650 -6.5947
-5.5203 17.6650 -9.8920
-5.5203 17.6650 -7.4190
-5.5203 17.6650 -9.0677
-5.5203 17.6650 -11.5407
-5.5203 17.6650 -8.2433
-5.5203 12.6967 -10.7163
-5.5203 12.6967 -3.2973
-5.5203 12.6967 -6.5947
-5.5203 12.6967 -4.9460
-5.5203 12.6967 -9.8920
-5.5203 12.6967 -7.4190
-5.5203 12.6967 -9.0677
-5.5203 12.6967 -11.5407
-5.5203 12.6967 -5.7703
-5.5203 12.6967 -8.2433
-5.5203 12.6967 -4.1217
-5.5203 11.5927 -10.7163
-5.5203 11.5927 -3.2973
-5.5203 11.5927 -6.5947
-5.5203 11.5927 -2.4730
-5.5203 11.5927 -4.9460
-5.5203 11.5927 -9.8920
-5.5203 11.5927 -7.4190
-5.5203 11.5927 -9.0677
-5.5203 11.5927 -5.7703
-5.5203 11.5927 -8.2433
-5.5203 11.5927 -4.1217
-5.5203 17.1130 -10.7163
-5.5203 17.1130 -6.5947
-5.5203 17.1130 -9.8920
-5.5203 17.1130 -12.3650
-5.5203 17.1130 -7.4190
-5.5203 17.1130 -9.0677
-5.5203 17.1130 -11.5407
-5.5203 17.1130 -8.2433
-5.5203 15.4569 -10.7163
-5.5203 15.4569 -6.5947
-5.5203 15.4569 -4.9460
-5.5203 15.4569 -9.8920
-5.5203 15.4569 -12.3650
-5.5203 15.4569 -7.4190
-5.5203 15.4569 -9.0677
-5.5203 15.4569 -11.5407
-5.5203 15.4569 -5.7703
-5.5203 15.4569 -8.2433
-5.5203 15.4569 -4.1217
-5.5203 10.4886 -10.7163
-5.5203 10.4886 -6.5947
-5.5203 10.4886 -4.9460
-5.5203 10.4886 -9.8920
-5.5203 10.4886 -7.4190
-5.5203 10.4886 -9.0677
-5.5203 10.4886 -5.7703
-5.5203 10.4886 -8.2433
-5.5203 10.4886 -4.1217
-5.5203 14.3528 -10.7163
-5.5203 14.3528 -6.5947
-5.5203 14.3528 -4.9460
-5.5203 14.3528 -9.8920
-5.5203 14.3528 -7.4190
-5.5203 14.3528 -9.0677
-5.5203 14.3528 -11.5407
-5.5203 14.3528 -5.7703
-5.5203 14.3528 -8.2433
-5.5203 14.3528 -4.1217
-5.5203 9.3845 -6.5947
-5.5203 9.3845 -4.9460
-5.5203 9.3845 -9.8920
-5.5203 9.3845 -7.4190
-5.5203 9.3845 -9.0677
-5.5203 9.3845 -5.7703
-5.5203 9.3845 -8.2433
-5.5203 13.2488 -10.7163
-5.5203 13.2488 -3.2973
-5.5203 13.2488 -6.5947
-5.5203 13.2488 -4.9460
-5.5203 13.2488 -9.8920
-5.5203 13.2488 -7.4190
-5.5203 13.2488 -9.0677
-5.5203 13.2488 -11.5407
-5.5203 13.2488 -5.7703
-5.5203 13.2488 -8.2433
-5.5203 13.2488 -4.1217
-5.5203 16.5609 -10.7163
-5.5203 16.5609 -6.5947
-5.5203 16.5609 -4.9460
-5.5203 16.5609 -9.8920
-5.5203 16.5609 -12.3650
-5.5203 16.5609 -7.4190
-5.5203 16.5609 -9.0677
-5.5203 16.5609 -11.5407
-5.5203 16.5609 -5.7703
-5.5203 16.5609 -8.2433
-5.5203 8.2805 -6.5947
-5.5203 8.2805 -7.4190
-5.5203 12.1447 -10.7163
-5.5203 12.1447 -3.2973
-5.5203 12.1447 -6.5947
-5.5203 12.1447 -2.4730
-5.5203 12.1447 -4.9460
-5.5203 12.1447 -9.8920
-5.5203 12.1447 -7.4190
-5.5203 12.1447 -9.0677
-5.5203 12.1447 -11.5407
-5.5203 12.1447 -5.7703
-5.5203 12.1447 -8.2433
-5.5203 12.1447 -4.1217
-5.5203 18.2170 -10.7163
-5.5203 18.2170 -9.8920
-5.5203 18.2170 -9.0677
-5.5203 18.2170 -11.5407
-5.5203 18.2170 -8.2433
-5.5203 11.0406 -10.7163
-5.5203 11.0406 -6.5947
-5.5203 11.0406 -4.9460
-5.5203 11.0406 -9.8920
-5.5203 11.0406 -7.4190
-5.5203 11.0406 -9.0677
-5.5203 11.0406 -5.7703
-5.5203 11.0406 -8.2433
-5.5203 11.0406 -4.1217
-5.5203 14.9048 -10.7163
-5.5203 14.9048 -6.5947
-5.5203 14.9048 -4.9460
-5.5203 14.9048 -9.8920
-5.5203 14.9048 -12.3650
-5.5203 14.9048 -7.4190
-5.5203 14.9048 -9.0677
-5.5203 14.9048 -11.5407
-5.5203 14.9048 -5.7703
-5.5203 14.9048 -8.2433
-5.5203 14.9048 -4.1217
-5.5203 16.0089 -10.7163
-5.5203 16.0089 -6.5947
-5.5203 16.0089 -4.9460
-5.5203 16.0089 -9.8920
-5.5203 16.0089 -12.3650
-5.5203 16.0089 -7.4190
-5.5203 16.0089 -9.0677
-5.5203 16.0089 -11.5407
-5.5203 16.0089 -5.7703
-5.5203 16.0089 -8.2433
-5.5203 9.9366 -6.5947
-5.5203 9.9366 -4.9460
-5.5203 9.9366 -9.8920
-5.5203 9.9366 -7.4190
-5.5203 9.9366 -9.0677
-5.5203 9.9366 -5.7703
-5.5203 9.9366 -8.2433
-5.5203 9.9366 -4.1217
2.7602 13.8008 -6.5947
2.7602 13.8008 -9.8920
2.7602 13.8008 -7.4190
2.7602 13.8008 -9.0677
2.7602 13.8008 -8.2433
2.7602 17.6650 -9.8920
2.7602 17.6650 -7.4190
2.7602 17.6650 -9.0677
2.7602 17.6650 -8.2433
2.7602 12.6967 -6.5947
2.7602 12.6967 -7.4190
2.7602 12.6967 -9.0677
2.7602 12.6967 -8.2433
2.7602 19.3211 -9.8920
2.7602 19.3211 -9.0677
2.7602 19.3211 -8.2433
2.7602 11.5927 -6.5947
2.7602 11.5927 -7.4190
2.7602 11.5927 -8.2433
2.7602 17.1130 -9.8920
2.7602 17.1130 -7.4190
2.7602 17.1130 -9.0677
2.7602 17.1130 -8.2433
2.7602 15.4569 -6.5947
2.7602 15.4569 -9.8920
2.7602 15.4569 -7.4190
2.7602 15.4569 -9.0677
2.7602 15.4569 -8.2433
2.7602 14.3528 -6.5947
2.7602 14.3528 -9.8920
2.7602 14.3528 -7.4190
2.7602 14.3528 -9.0677
2.7602 14.3528 -8.2433
2.7602 18.7691 -9.8920
2.7602 18.7691 -9.0677
2.7602 18.7691 -8.2433
2.7602 13.2488 -6.5947
2.7602 13.2488 -7.4190
2.7602 13.2488 -9.0677
2.7602 13.2488 -8.2433
2.7602 16.5609 -9.8920
2.7602 16.5609 -7.4190
2.7602 16.5609 -9.0677
2.7602 16.5609 -8.2433
2.7602 12.1447 -6.5947
2.7602 12.1447 -7.4190
2.7602 12.1447 -8.2433
2.7602 18.2170 -9.8920
2.7602 18.2170 -7.4190
2.7602 18.2170 -9.0677
2.7602 18.2170 -8.2433
2.7602 11.0406 -6.5947
2.7602 11.0406 -7.4190
2.7602 11.0406 -5.7703
2.7602 14.9048 -6.5947
2.7602 14.9048 -9.8920
2.7602 14.9048 -7.4190
2.7602 14.9048 -9.0677
2.7602 14.9048 -8.2433
2.7602 16.0089 -6.5947
2.7602 16.0089 -9.8920
2.7602 16.0089 -7.4190
2.7602 16.0089 -9.0677
2.7602 16.0089 -8.2433
-2.7602 13.8008 -10.7163
-2.7602 13.8008 -6.5947
-2.7602 13.8008 -4.9460
-2.7602 13.8008 -9.8920
-2.7602 13.8008 -12.3650
-2.7602 13.8008 -7.4190
-2.7602 13.8008 -9.0677
-2.7602 13.8008 -11.5407
-2.7602 13.8008 -5.7703
-2.7602 13.8008 -8.2433
-2.7602 13.8008 -4.1217
-2.7602 8.8325 -6.5947
-2.7602 8.8325 -4.9460
-2.7602 8.8325 -9.8920
-2.7602 8.8325 -7.4190
-2.7602 8.8325 -9.0677
-2.7602 8.8325 -5.7703
-2.7602 8.8325 -8.2433
-2.7602 8.8325 -4.1217
-2.7602 17.6650 -10.7163
-2.7602 17.6650 -6.5947
-2.7602 17.6650 -9.8920
-2.7602 17.6650 -12.3650
-2.7602 17.6650 -7.4190
-2.7602 17.6650 -9.0677
-2.7602 17.6650 -11.5407
-2.7602 17.6650 -5.7703
-2.7602 17.6650 -8.2433
-2.7602 12.6967 -10.7163
-2.7602 12.6967 -6.5947
-2.7602 12.6967 -4.9460
-2.7602 12.6967 -9.8920
-2.7602 12.6967 -7.4190
-2.7602 12.6967 -9.0677
-2.7602 12.6967 -11.5407
-2.7602 12.6967 -5.7703
-2.7602 12.6967 -8.2433
-2.7602 12.6967 -4.1217
-2.7602 19.3211 -10.7163
-2.7602 19.3211 -9.8920
-2.7602 19.3211 -7.4190
-2.7602 19.3211 -9.0677
-2.7602 19.3211 -11.5407
-2.7602 19.3211 -8.2433
-2.7602 11.5927 -10.7163
-2.7602 11.5927 -3.2973
-2.7602 11.5927 -6.5947
-2.7602 11.5927 -4.9460
-2.7602 11.5927 -9.8920
-2.7602 11.5927 -7.4190
-2.7602 11.5927 -9.0677
-2.7602 11.5927 -11.5407
-2.7602 11.5927 -5.7703
-2.7602 11.5927 -8.2433
-2.7602 11.5927 -4.1217
-2.7602 7.7284 -6.5947
-2.7602 7.7284 -4.9460
-2.7602 7.7284 -7.4190
-2.7602 7.7284 -5.7703
-2.7602 7.7284 -8.2433
-2.7602 17.1130 -10.7163
-2.7602 17.1130 -6.5947
-2.7602 17.1130 -9.8920
-2.7602 17.1130 -12.3650
-2.7602 17.1130 -7.4190
-2.7602 17.1130 -9.0677
-2.7602 17.1130 -11.5407
-2.7602 17.1130 -5.7703
-2.7602 17.1130 -8.2433
-2.7602 15.4569 -10.7163
-2.7602 15.4569 -6.5947
-2.7602 15.4569 -4.9460
-2.7602 15.4569 -9.8920
-2.7602 15.4569 -12.3650
-2.7602 15.4569 -7.4190
-2.7602 15.4569 -9.0677
-2.7602 15.4569 -11.5407
-2.7602 15.4569 -5.7703
-2.7602 15.4569 -8.2433
-2.7602 10.4886 -10.7163
-2.7602 10.4886 -3.2973
-2.7602 10.4886 -6.5947
-2.7602 10.4886 -4.9460
-2.7602 10.4886 -9.8920
-2.7602 10.4886 -7.4190
-2.7602 10.4886 -9.0677
-2.7602 10.4886 -5.7703
-2.7602 10.4886 -8.2433
-2.7602 10.4886 -4.1217
-2.7602 7.1764 -7.4190
-2.7602 14.3528 -10.7163
-2.7602 14.3528 -6.5947
-2.7602 14.3528 -4.9460
-2.7602 14.3528 -9.8920
-2.7602 14.3528 -12.3650
-2.7602 14.3528 -7.4190
-2.7602 14.3528 -9.0677
-2.7602 14.3528 -11.5407
-2.7602 14.3528 -5.7703
-2.7602 14.3528 -8.2433
-2.7602 14.3528 -4.1217
-2.7602 9.3845 -6.5947
-2.7602 9.3845 -4.9460
-2.7602 9.3845 -9.8920
-2.7602 9.3845 -7.4190
-2.7602 9.3845 -9.0677
-2.7602 9.3845 -5.7703
-2.7602 9.3845 -8.2433
-2.7602 9.3845 -4.1217
-2.7602 18.7691 -10.7163
-2.7602 18.7691 -6.5947
-2.7602 18.7691 -9.8920
-2.7602 18.7691 -7.4190
-2.7602 18.7691 -9.0677
-2.7602 18.7691 -11.5407
-2.7602 18.7691 -8.2433
-2.7602 13.2488 -10.7163
-2.7602 13.2488 -6.5947
-2.7602 13.2488 -4.9460
-2.7602 13.2488 -9.8920
-2.7602 13.2488 -7.4190
-2.7602 13.2488 -9.0677
-2.7602 13.2488 -11.5407
-2.7602 13.2488 -5.7703
-2.7602 13.2488 -8.2433
-2.7602 13.2488 -4.1217
-2.7602 16.5609 -10.7163
-2.7602 16.5609 -6.5947
-2.7602 16.5609 -9.8920
-2.7602 16.5609 -12.3650
-2.7602 16.5609 -7.4190
-2.7602 16.5609 -9.0677
-2.7602 16.5609 -11.5407
-2.7602 16.5609 -5.7703
-2.7602 16.5609 -8.2433
-2.7602 8.2805 -6.5947
-2.7602 8.2805 -4.9460
-2.7602 8.2805 -7.4190
-2.7602 8.2805 -9.0677
-2.7602 8.2805 -5.7703
-2.7602 8.2805 -8.2433
-2.7602 12.1447 -10.7163
-2.7602 12.1447 -3.2973
-2.7602 12.1447 -6.5947
-2.7602 12.1447 -4.9460
-2.7602 12.1447 -9.8920
-2.7602 12.1447 -7.4190
-2.7602 12.1447 -9.0677
-2.7602 12.1447 -11.5407
-2.7602 12.1447 -5.7703
-2.7602 12.1447 -8.2433
-2.7602 12.1447 -4.1217
-2.7602 18.2170 -10.7163
-2.7602 18.2170 -6.5947
-2.7602 18.2170 -9.8920
-2.7602 18.2170 -12.3650
-2.7602 18.2170 -7.4190
-2.7602 18.2170 -9.0677
-2.7602 18.2170 -11.5407
-2.7602 18.2170 -5.7703
-2.7602 18.2170 -8.2433
-2.7602 11.0406 -10.7163
-2.7602 11.0406 -3.2973
-2.7602 11.0406 -6.5947
-2.7602 11.0406 -4.9460
-2.7602 11.0406 -9.8920
-2.7602 11.0406 -7.4190
-2.7602 11.0406 -9.0677
-2.7602 11.0406 -5.7703
-2.7602 11.0406 -8.2433
-2.7602 11.0406 -4.1217
-2.7602 14.9048 -10.7163
-2.7602 14.9048 -6.5947
-2.7602 14.9048 -4.9460
-2.7602 14.9048 -9.8920
-2.7602 14.9048 -12.3650
-2.7602 14.9048 -7.4190
-2.7602 14.9048 -9.0677
-2.7602 14.9048 -11.5407
-2.7602 14.9048 -5.7703
-2.7602 14.9048 -8.2433
-2.7602 16.0089 -10.7163
-2.7602 16.0089 -6.5947
-2.7602 16.0089 -9.8920
-2.7602 16.0089 -12.3650
-2.7602 16.0089 -7.4190
-2.7602 16.0089 -9.0677
-2.7602 16.0089 -11.5407
-2.7602 16.0089 -5.7703
-2.7602 16.0089 -8.2433
-2.7602 19.8731 -10.7163
-2.7602 19.8731 -9.8920
-2.7602 19.8731 -9.0677
-2.7602 19.8731 -11.5407
-2.7602 19.8731 -8.2433
-2.7602 9.9366 -6.5947
-2.7602 9.9366 -4.9460
-2.7602 9.9366 -9.8920
-2.7602 9.9366 -7.4190
-2.7602 9.9366 -9.0677
-2.7602 9.9366 -5.7703
-2.7602 9.9366 -8.2433
-2.7602 9.9366 -4.1217
4.9683 16.5609 -7.4190
4.9683 16.0089 -7.4190
-4.9683 13.8008 -10.7163
-4.9683 13.8008 -6.5947
-4.9683 13.8008 -4.9460
-4.9683 13.8008 -9.8920
-4.9683 13.8008 -12.3650
-4.9683 13.8008 -7.4190
-4.9683 13.8008 -9.0677
-4.9683 13.8008 -11.5407
-4.9683 13.8008 -5.7703
-4.9683 13.8008 -8.2433
-4.9683 13.8008 -4.1217
-4.9683 8.8325 -6.5947
-4.9683 8.8325 -4.9460
-4.9683 8.8325 -7.4190
-4.9683 8.8325 -5.7703
-4.9683 8.8325 -8.2433
-4.9683 17.6650 -10.7163
-4.9683 17.6650 -6.5947
-4.9683 17.6650 -9.8920
-4.9683 17.6650 -12.3650
-4.9683 17.6650 -7.4190
-4.9683 17.6650 -9.0677
-4.9683 17.6650 -11.5407
-4.9683 17.6650 -8.2433
-4.9683 12.6967 -10.7163
-4.9683 12.6967 -3.2973
-4.9683 12.6967 -6.5947
-4.9683 12.6967 -4.9460
-4.9683 12.6967 -9.8920
-4.9683 12.6967 -7.4190
-4.9683 12.6967 -9.0677
-4.9683 12.6967 -11.5407
-4.9683 12.6967 -5.7703
-4.9683 12.6967 -8.2433
-4.9683 12.6967 -4.1217
-4.9683 11.5927 -10.7163
-4.9683 11.5927 -3.2973
-4.9683 11.5927 -6.5947
-4.9683 11.5927 -2.4730
-4.9683 11.5927 -4.9460
-4.9683 11.5927 -9.8920
-4.9683 11.5927 -7.4190
-4.9683 11.5927 -9.0677
-4.9683 11.5927 -11.5407
-4.9683 11.5927 -5.7703
-4.9683 11.5927 -8.2433
-4.9683 11.5927 -4.1217
-4.9683 7.7284 -6.5947
-4.9683 7.7284 -7.4190
-4.9683 17.1130 -10.7163
-4.9683 17.1130 -6.5947
-4.9683 17.1130 -9.8920
-4.9683 17.1130 -12.3650
-4.9683 17.1130 -7.4190
-4.9683 17.1130 -9.0677
-4.9683 17.1130 -11.5407
-4.9683 17.1130 -5.7703
-4.9683 17.1130 -8.2433
-4.9683 15.4569 -10.7163
-4.9683 15.4569 -6.5947
-4.9683 15.4569 -4.9460
-4.9683 15.4569 -9.8920
-4.9683 15.4569 -12.3650
-4.9683 15.4569 -7.4190
-4.9683 15.4569 -9.0677
-4.9683 15.4569 -11.5407
-4.9683 15.4569 -5.7703
-4.9683 15.4569 -8.2433
-4.9683 15.4569 -4.1217
-4.9683 10.4886 -10.7163
-4.9683 10.4886 -6.5947
-4.9683 10.4886 -4.9460
-4.9683 10.4886 -9.8920
-4.9683 10.4886 -7.4190
-4.9683 10.4886 -9.0677
-4.9683 10.4886 -5.7703
-4.9683 10.4886 -8.2433
-4.9683 10.4886 -4.1217
-4.9683 14.3528 -10.7163
-4.9683 14.3528 -6.5947
-4.9683 14.3528 -4.9460
-4.9683 14.3528 -9.8920
-4.9683 14.3528 -12.3650
-4.9683 14.3528 -7.4190
-4.9683 14.3528 -9.0677
-4.9683 14.3528 -11.5407
-4.9683 14.3528 -5.7703
-4.9683 14.3528 -8.2433
-4.9683 14.3528 -4.1217
-4.9683 9.3845 -6.5947
-4.9683 9.3845 -4.9460
-4.9683 9.3845 -9.8920
-4.9683 9.3845 -7.4190
-4.9683 9.3845 -9.0677
-4.9683 9.3845 -5.7703
-4.9683 9.3845 -8.2433
-4.9683 9.3845 -4.1217
-4.9683 18.7691 -10.7163
-4.9683 18.7691 -9.8920
-4.9683 18.7691 -9.0677
-4.9683 18.7691 -11.5407
-4.9683 18.7691 -8.2433
-4.9683 13.2488 -10.7163
-4.9683 13.2488 -3.2973
-4.9683 13.2488 -6.5947
-4.9683 13.2488 -4.9460
-4.9683 13.2488 -9.8920
-4.9683 13.2488 -7.4190
-4.9683 13.2488 -9.0677
-4.9683 13.2488 -11.5407
-4.9683 13.2488 -5.7703
-4.9683 13.2488 -8.2433
-4.9683 13.2488 -4.1217
-4.9683 16.5609 -10.7163
-4.9683 16.5609 -6.5947
-4.9683 16.5609 -4.9460
-4.9683 16.5609 -9.8920
-4.9683 16.5609 -12.3650
-4.9683 16.5609 -7.4190
-4.9683 16.5609 -9.0677
-4.9683 16.5609 -11.5407
-4.9683 16.5609 -5.7703
-4.9683 16.5609 -8.2433
-4.9683 8.2805 -6.5947
-4.9683 8.2805 -4.9460
-4.9683 8.2805 -7.4190
-4.9683 8.2805 -5.7703
-4.9683 8.2805 -8.2433
-4.9683 12.1447 -10.7163
-4.9683 12.1447 -3.2973
-4.9683 12.1447 -6.5947
-4.9683 12.1447 -2.4730
-4.9683 12.1447 -4.9460
-4.9683 12.1447 -9.8920
-4.9683 12.1447 -7.4190
-4.9683 12.1447 -9.0677
-4.9683 12.1447 -11.5407
-4.9683 12.1447 -5.7703
-4.9683 12.1447 -8.2433
-4.9683 12.1447 -4.1217
-4.9683 18.2170 -10.7163
-4.9683 18.2170 -9.8920
-4.9683 18.2170 -7.4190
-4.9683 18.2170 -9.0677
-4.9683 18.2170 -11.5407
-4.9683 18.2170 -8.2433
-4.9683 11.0406 -10.7163
-4.9683 11.0406 -3.2973
-4.9683 11.0406 -6.5947
-4.9683 11.0406 -2.4730
-4.9683 11.0406 -4.9460
-4.9683 11.0406 -9.8920
-4.9683 11.0406 -7.4190
-4.9683 11.0406 -9.0677
-4.9683 11.0406 -5.7703
-4.9683 11.0406 -8.2433
-4.9683 11.0406 -4.1217
-4.9683 14.9048 -10.7163
-4.9683 14.9048 -6.5947
-4.9683 14.9048 -4.9460
-4.9683 14.9048 -9.8920
-4.9683 14.9048 -12.3650
-4.9683 14.9048 -7.4190
-4.9683 14.9048 -9.0677
-4.9683 14.9048 -11.5407
-4.9683 14.9048 -5.7703
-4.9683 14.9048 -8.2433
-4.9683 14.9048 -4.1217
-4.9683 16.0089 -10.7163
-4.9683 16.0089 -6.5947
-4.9683 16.0089 -4.9460
-4.9683 16.0089 -9.8920
-4.9683 16.0089 -12.3650
-4.9683 16.0089 -7.4190
-4.9683 16.0089 -9.0677
-4.9683 16.0089 -11.5407
-4.9683 16.0089 -5.7703
-4.9683 16.0089 -8.2433
-4.9683 9.9366 -6.5947
-4.9683 9.9366 -4.9460
-4.9683 9.9366 -9.8920
-4.9683 9.9366 -7.4190
-4.9683 9.9366 -9.0677
-4.9683 9.9366 -5.7703
-4.9683 9.9366 -8.2433
-4.9683 9.9366 -4.1217
