[[   0.    0.   25.    0.    0.  127.  123.    0.]
 [   0.    0.    0.    0.    0.    0.  286.  232.]
 [   0.    0.    0.    0.    0.    0.  180.  162.]
 [   0.    0.    0.    0.    0.    0.  216.  200.]
 [   0.    0.    0.    0.    0.    0.  161.  124.]
 [   0.    0.    0.    0.    0.    0.  180.   60.]
 [   0.    0.    0.    0.    0.    0.  290.   79.]
 [   0.    0.    0.    0.    0.    0.  286.  146.]
 [   0.    0.    0.    0.    0.    0.   83.   57.]
 [   0.    0.    0.    0.    0.  431.    0.   68.]
 [   0.    0.    0.    0.    0.  246.    0.   21.]
 [   0.    0.    0.    0.    0.  121.    1.   37.]
 [   0.    0.    0.    0.    0.  207.    0.   29.]
 [   0.    0.    0.    0.    0.   38.   28.    7.]
 [   0.    0.  329.    0.    0.   39.    0.    0.]
 [   0.    0.  187.    0.    0.   64.    0.    0.]
 [   0.    0.  295.    0.    0.   57.    0.    0.]
 [   0.    0.  117.    0.    0.  113.    0.    0.]
 [   0.    0.  101.   12.    0.    7.    0.    0.]
 [   0.    0.  183.    0.  107.    0.    0.    0.]
 [   0.    0.   48.    0.   69.    0.   23.    0.]
 [   0.    0.    0.    0.  138.    0.  139.    0.]
 [   0.    0.    0.    0.  245.    0.  106.    0.]
 [   0.    0.    0.    0.  390.    0.   71.    0.]
 [   0.    0.    0.    0.  378.    0.   27.    0.]
 [   0.    0.    0.    0.  113.    0.   59.    0.]
 [   0.    0.    0.    0.  312.    0.  143.    0.]
 [   0.    0.    0.    0.   94.    0.   96.    0.]
 [   0.    0.  116.    0.   94.    0.    0.    0.]
 [   0.    0.   93.    0.   66.    0.    1.    0.]
 [   0.    0.   69.   41.   28.   42.    2.    0.]
 [   0.    0.   28.   54.    0.    5.    0.    0.]
 [   0.    0.    0.  125.    0.    2.    0.    0.]
 [  10.    0.    0.  359.    0.    0.    0.    0.]
 [  19.    0.    0.  276.    0.    0.    0.    0.]
 [  54.    0.    0.  211.    0.    0.    0.    0.]
 [  71.    0.    0.  229.    0.    0.    0.    0.]
 [ 369.    0.    0.    0.    0.    0.    0.    0.]
 [  41.    0.    0.  319.    0.    0.    0.    0.]
 [  29.    0.    0.  482.    0.    0.    0.    0.]
 [  51.    0.    0.  366.    0.    0.    0.    0.]
 [  14.    0.    0.  340.    0.    0.    0.    0.]
 [   0.  266.    0.    0.  171.    0.    0.    0.]
 [   0.  306.    0.    0.   91.    0.    0.    0.]
 [   0.  152.    0.    0.   66.    0.    0.    0.]
 [   0.  179.    0.    0.  180.    0.    0.    0.]
 [   0.  227.    0.    0.  115.    0.    0.    0.]
 [   0.  434.    0.    0.  166.    0.    0.    0.]
 [   0.  356.    0.    0.  140.    0.    0.    0.]
 [   0.  266.   13.    0.   73.    0.    0.    0.]
 [   0.  315.  282.    0.    0.    0.    0.    0.]
 [   0.  167.  144.    0.    0.    0.    0.    0.]
 [   0.  133.  120.    0.    0.    0.    0.    0.]
 [   0.  254.  213.    0.    0.    0.    0.    0.]
 [  14.  386.    0.    0.    0.    0.    0.    0.]
 [ 135.  249.    0.    0.    0.    0.    0.    0.]
 [  11.  292.    0.    0.    0.    0.    0.    0.]
 [   7.  331.    0.    0.    0.    0.    0.    0.]
 [   8.  220.    0.   21.    0.    0.    0.    0.]
 [   0.  196.   21.   22.    0.    0.    0.    0.]
 [   0.    8.  152.    0.   78.    0.    0.    0.]
 [   0.    0.   19.  276.   33.    0.    0.    0.]
 [   0.    0.   36.   97.   54.    0.    0.    0.]
 [   0.    0.   81.  107.    3.    0.    0.    0.]
 [   0.    0.    0.  321.    0.  135.    0.    0.]
 [   0.    0.   83.   86.    0.    0.    0.    0.]
 [  16.    0.  219.  145.    0.    0.    0.    0.]
 [   0.    0.   97.  116.    0.    0.    0.    0.]
 [   0.    0.   96.  102.    0.    0.    0.    0.]
 [   0.    0.  265.  193.    0.    0.    0.    0.]
 [   0.    0.  248.  191.    0.    0.    0.    0.]
 [   0.    0.  215.  198.    0.    0.    0.    0.]]

