73
-12.84 11.04 0.60 0.05
-5.26 20.96 1.14 0.02
5.05 16.24 -6.57 0.02
-6.49 17.44 -7.60 0.02
-5.41 18.48 -8.99 0.02
-4.09 19.25 -11.59 0.02
-6.53 15.82 -11.86 0.02
-8.55 12.61 -8.31 0.02
-5.56 8.31 -8.55 0.02
-5.88 9.27 -4.07 0.02
-7.60 9.84 -7.44 0.02
-6.99 11.40 -4.56 0.02
-7.54 13.58 -4.75 0.02
-6.21 15.50 -3.20 0.02
-18.41 16.13 -3.00 0.02
-17.36 17.72 -1.79 0.02
-15.95 17.05 0.18 0.02
-14.28 15.55 0.64 0.02
-12.41 13.63 0.57 0.02
-13.74 17.74 -8.15 0.02
-12.69 14.47 -6.87 0.02
-10.98 12.98 -4.27 0.02
-9.36 13.56 -1.37 0.02
-7.18 16.01 -0.94 0.02
-7.20 17.06 0.28 0.02
-7.15 18.74 0.79 0.02
-5.50 18.67 0.49 0.02
5.24 13.80 -5.97 0.02
2.23 13.60 -5.22 0.02
2.48 9.71 -4.30 0.02
0.20 11.05 -3.75 0.02
-0.91 12.82 -3.56 0.02
-2.39 15.66 -4.35 0.02
1.20 18.01 -5.83 0.02
-2.73 20.11 -2.00 0.02
-4.75 18.37 -0.78 0.02
-3.56 19.52 -0.01 0.02
-2.42 20.03 0.55 0.02
1.70 22.86 -0.32 0.02
-0.67 20.97 0.89 0.02
4.01 18.08 1.87 0.02
7.00 17.50 2.86 0.02
0.06 19.12 1.34 0.02
0.63 16.75 3.54 0.02
1.16 15.39 4.04 0.02
-3.96 20.45 8.13 0.02
-4.31 21.21 5.83 0.02
-1.69 24.04 6.24 0.02
1.11 26.13 7.05 0.02
-4.47 22.54 3.52 0.02
-1.71 24.75 3.72 0.02
0.74 27.14 3.75 0.02
1.16 27.92 4.50 0.02
-6.30 20.30 2.89 0.02
-6.01 21.38 3.15 0.02
-6.28 23.04 2.74 0.02
-6.15 25.35 3.13 0.02
-7.42 27.09 3.28 0.02
-6.95 30.85 3.44 0.02
-6.89 28.78 -3.21 0.02
-7.31 26.76 -2.03 0.02
-7.09 24.64 -1.32 0.02
-7.07 21.14 -0.45 0.02
-10.36 22.48 1.64 0.02
-8.45 20.33 0.33 0.02
-7.75 19.36 -0.94 0.02
-8.50 19.54 -2.50 0.02
-10.53 20.05 -11.04 0.02
-10.18 18.87 -9.22 0.02
-9.50 18.99 -7.54 0.02
-8.84 20.39 -6.46 0.02
-11.55 25.80 -5.03 0.02
-10.07 24.35 -7.17 0.02
72
-5.78 20.61 2.02 -3.04 -0.65 -5.87 1.47
-0.29 25.08 6.62 -4.18 1.15 -6.71 3.00
-4.18 20.82 7.02 -2.84 0.21 -6.24 1.80
-2.99 22.64 5.99 -4.40 1.18 -6.74 3.20
-5.17 21.35 4.50 -2.89 0.49 -6.02 2.48
0.99 27.51 4.18 -4.08 0.19 -6.62 1.00
-0.47 25.95 3.74 -4.72 -0.02 -7.07 2.80
-3.11 23.63 3.64 -4.66 -0.01 -7.18 2.80
-5.19 21.89 3.36 -4.59 -0.03 -7.24 1.29
-7.18 28.96 3.33 -4.67 -0.49 -6.41 3.05
-6.78 26.23 3.16 -4.67 -0.10 -5.59 1.51
-6.15 22.19 2.93 -4.88 -0.40 -6.13 1.00
-6.20 24.19 2.92 -4.58 -0.44 -6.44 1.60
-6.24 20.73 2.95 -4.40 -0.33 -6.66 1.00
-7.05 27.74 -2.62 -0.58 0.94 -2.46 1.71
-7.22 25.67 -1.67 -1.05 0.88 -2.62 1.51
-7.08 22.87 -0.90 -1.18 0.96 -2.78 2.92
-6.15 21.05 0.33 -2.53 0.61 -5.47 1.71
-7.39 20.21 -0.61 -1.87 1.00 -3.77 1.46
-3.05 19.78 -1.00 6.52 -3.57 1.19 1.80
-3.01 19.80 0.30 2.10 -3.97 2.39 1.00
0.92 16.08 3.80 -2.61 -4.21 2.52 1.00
0.35 17.90 2.44 -2.92 -3.92 2.10 2.60
5.51 17.80 2.34 -1.15 0.66 -1.46 2.60
2.03 18.66 1.58 1.75 -3.62 1.37 3.48
-0.27 20.06 1.06 1.91 -3.78 0.56 1.41
0.53 21.95 0.28 0.59 -4.21 1.29 2.80
-1.52 20.50 0.68 1.72 -4.05 2.17 1.40
-4.14 18.90 -0.39 5.43 -2.40 1.81 1.28
-5.10 18.45 -0.11 0.50 -3.44 0.62 0.92
-6.32 18.71 0.64 1.37 -3.78 1.36 1.19
-7.51 19.07 -0.05 -0.23 0.49 -1.21 1.29
-8.09 19.88 -0.29 -0.55 -0.60 -0.09 1.09
-17.82 16.98 -2.34 0.91 -0.41 -3.43 1.70
-16.65 17.39 -0.82 -0.27 -0.67 -3.13 1.89
-15.10 16.28 0.42 -1.29 -0.75 -2.44 1.60
-13.37 14.60 0.61 -1.64 -0.57 -2.38 1.92
-12.59 12.18 0.58 -1.59 0.33 -0.14 2.26
-10.91 13.57 -0.44 -2.15 0.41 -1.89 2.94
-13.20 16.15 -7.46 1.16 0.52 0.09 2.91
-11.85 13.65 -5.60 0.46 0.55 0.03 2.91
-10.15 13.24 -2.80 -0.26 0.50 -0.20 2.74
3.73 13.72 -5.54 -2.02 0.90 -1.86 2.60
1.33 10.34 -3.96 -1.86 0.70 -2.29 2.13
-0.37 11.94 -3.57 -1.74 0.64 -2.64 1.60
0.69 13.21 -4.29 -2.84 1.08 -2.57 3.00
-1.63 14.21 -3.97 1.27 0.41 0.35 2.80
3.14 17.12 -6.18 -0.66 1.38 -4.25 3.60
-0.62 16.86 -5.06 1.16 -0.50 -0.78 4.00
-4.31 15.64 -3.74 2.85 1.28 2.86 3.33
-5.31 17.54 -11.71 -1.49 0.58 -0.58 3.56
-4.77 18.91 -10.27 0.24 -0.46 0.07 2.36
-5.95 17.93 -8.30 -0.20 -0.80 1.00 1.38
-6.35 16.47 -5.41 0.39 0.14 -0.18 4.13
-8.08 11.20 -7.88 1.26 0.18 0.28 2.33
-6.60 9.03 -8.01 -0.95 -0.70 0.49 2.17
-7.29 10.61 -6.01 2.94 -3.66 -2.25 2.58
-6.44 10.34 -4.38 -1.95 -0.89 0.77 1.79
-7.28 12.47 -4.69 -1.67 -0.23 0.31 1.49
-6.82 14.52 -3.94 -0.96 0.22 -0.50 2.18
-6.66 15.74 -2.09 -0.17 -0.34 0.03 1.86
-8.25 14.78 -1.11 -1.45 0.60 -0.68 2.69
-7.20 16.54 -0.32 -0.56 0.41 0.51 1.00
-7.45 18.23 -0.33 1.04 0.44 -0.05 2.11
-9.39 21.38 0.99 -0.91 -0.85 0.20 2.46
-8.14 19.44 -1.72 0.09 0.37 0.03 1.11
-10.33 19.46 -10.11 0.59 0.18 0.01 1.58
-9.88 18.93 -8.36 -0.11 0.35 -0.06 1.21
-9.15 19.68 -7.01 -0.97 -0.09 -0.49 1.23
-10.81 25.10 -6.09 -0.76 -0.19 0.62 2.30
-9.42 22.42 -6.88 1.33 0.74 0.15 3.52
-8.70 19.96 -4.48 0.20 0.13 -0.04 3.36
